Path Loss vs Altitude (Range=30.00 km)

Altitude(m)		Path Loss(dB)

0.000000			Inf
0.290000			Inf
0.580000			Inf
0.870000			Inf
1.160000			Inf
1.450000			Inf
1.740000			Inf
2.030000			Inf
2.320000			Inf
2.610000			Inf
2.900000			Inf
3.190000			Inf
3.480000			Inf
3.770000			Inf
4.060000			Inf
4.350000			Inf
4.640000			Inf
4.930000			Inf
5.220000			Inf
5.510000			Inf
5.800000			Inf
6.090000			Inf
6.380000			Inf
6.670000			Inf
6.960000			Inf
7.250000			Inf
7.540000			Inf
7.830000			Inf
8.120000			Inf
8.410000			Inf
8.700000			Inf
8.990000			Inf
9.280000			Inf
9.570000			Inf
9.860000			Inf
10.150000			Inf
10.440000			Inf
10.730000			Inf
11.020000			Inf
11.310000			Inf
11.600000			Inf
11.890000			Inf
12.180000			Inf
12.470000			Inf
12.760000			Inf
13.050000			Inf
13.340000			Inf
13.630000			Inf
13.920000			Inf
14.210000			Inf
14.500000			Inf
14.790000			Inf
15.080000			Inf
15.370000			Inf
15.660000			Inf
15.950000			Inf
16.240000			Inf
16.530000			Inf
16.820000			Inf
17.110000			Inf
17.400000			Inf
17.690000			Inf
17.980000			Inf
18.270000			Inf
18.560000			Inf
18.850000			Inf
19.140000			Inf
19.430000			Inf
19.720000			Inf
20.010000			Inf
20.300000			Inf
20.590000			Inf
20.880000			Inf
21.170000			Inf
21.460000			Inf
21.750000			Inf
22.040000			Inf
22.330000			Inf
22.620000			Inf
22.910000			Inf
23.200000			Inf
23.490000			Inf
23.780000			Inf
24.070000			Inf
24.360000			Inf
24.650000			Inf
24.940000			212.386367
25.230000			212.108443
25.520000			209.276395
25.810000			206.797119
26.100000			205.264023
26.390000			204.308707
26.680000			203.632766
26.970000			203.056108
27.260000			202.954289
27.550000			203.728045
27.840000			205.329445
28.130000			207.391492
28.420000			209.601359
28.710000			211.342924
29.000000			211.975386
29.290000			212.672677
29.580000			214.179285
29.870000			216.082718
30.160000			217.634223
30.450000			217.191423
30.740000			213.598614
31.030000			209.924163
31.320000			207.732087
31.610000			206.509128
31.900000			205.438721
32.190000			204.681759
32.480000			204.469793
32.770000			204.528686
33.060000			205.324320
33.350000			207.022551
33.640000			208.224540
33.930000			208.324235
34.220000			208.560625
34.510000			209.133928
34.800000			208.496462
35.090000			207.193051
35.380000			206.314095
35.670000			205.532040
35.960000			204.942873
36.250000			204.630413
36.540000			204.497607
36.830000			204.727073
37.120000			204.858263
37.410000			204.561297
37.700000			204.532700
37.990000			205.018966
38.280000			205.757788
38.570000			206.250738
38.860000			206.291209
39.150000			206.895375
39.440000			207.612307
39.730000			206.517994
40.020000			204.790647
40.310000			203.420643
40.600000			202.481870
40.890000			201.993507
41.180000			201.751737
41.470000			202.070519
41.760000			202.812197
42.050000			202.916787
42.340000			202.527875
42.630000			202.449418
42.920000			202.849898
43.210000			203.566048
43.500000			203.875406
43.790000			203.453000
44.080000			203.010734
44.370000			202.258217
44.660000			201.480735
44.950000			201.141375
45.240000			200.667027
45.530000			200.235030
45.820000			200.001242
46.110000			199.643615
46.400000			199.721590
46.690000			200.217139
46.980000			200.052022
47.270000			199.725061
47.560000			199.900200
47.850000			199.960666
48.140000			199.999219
48.430000			199.902477
48.720000			198.942577
49.010000			198.043912
49.300000			197.580484
49.590000			197.046885
49.880000			196.807351
50.170000			196.582724
50.460000			196.417698
50.750000			196.784347
51.040000			197.000542
51.330000			196.875640
51.620000			196.517343
51.910000			196.232713
52.200000			196.312825
52.490000			196.287015
52.780000			196.181659
53.070000			195.675954
53.360000			195.110776
53.650000			194.708594
53.940000			194.280839
54.230000			194.160658
54.520000			194.137306
54.810000			194.255225
55.100000			194.139443
55.390000			193.947233
55.680000			193.748343
55.970000			193.651332
56.260000			193.846491
56.550000			193.913540
56.840000			193.610980
57.130000			193.107424
57.420000			192.748277
57.710000			192.423395
58.000000			192.217986
58.290000			192.060776
58.580000			191.898515
58.870000			191.777506
59.160000			191.757568
59.450000			191.715315
59.740000			191.647056
60.030000			191.501741
60.320000			191.335062
60.610000			191.222862
60.900000			191.116052
61.190000			190.957008
61.480000			190.720844
61.770000			190.412472
62.060000			190.031649
62.350000			189.690530
62.640000			189.561807
62.930000			189.528855
63.220000			189.445410
63.510000			189.373677
63.800000			189.391571
64.090000			189.431271
64.380000			189.323607
64.670000			189.170247
64.960000			189.112094
65.250000			189.041770
65.540000			188.934817
65.830000			188.742879
66.120000			188.462217
66.410000			188.303549
66.700000			188.295029
66.990000			188.322126
67.280000			188.338354
67.570000			188.275698
67.860000			188.167042
68.150000			188.106668
68.440000			188.105994
68.730000			188.115403
69.020000			188.147362
69.310000			188.258702
69.600000			188.262747
69.890000			188.080294
70.180000			187.967038
70.470000			187.909739
70.760000			187.862808
71.050000			187.936612
71.340000			188.001241
71.630000			188.096487
71.920000			188.342722
72.210000			188.458936
72.500000			188.444150
72.790000			188.477567
73.080000			188.440442
73.370000			188.480948
73.660000			188.590654
73.950000			188.531336
74.240000			188.498382
74.530000			188.515399
74.820000			188.527670
75.110000			188.682823
75.400000			188.832084
75.690000			188.970732
75.980000			189.186361
76.270000			189.304487
76.560000			189.368013
76.850000			189.438151
77.140000			189.497164
77.430000			189.589754
77.720000			189.611727
78.010000			189.618093
78.300000			189.577593
78.590000			189.500763
78.880000			189.638617
79.170000			189.834261
79.460000			190.067670
79.750000			190.265563
80.040000			190.144267
80.330000			189.981178
80.620000			189.854564
80.910000			189.739706
81.200000			189.592552
81.490000			189.340386
81.780000			189.163182
82.070000			189.021216
82.360000			188.962845
82.650000			188.832211
82.940000			188.655745
83.230000			188.613964
83.520000			188.435177
83.810000			188.226144
84.100000			188.058158
84.390000			187.908177
84.680000			187.700531
84.970000			187.439453
85.260000			187.273387
85.550000			187.118533
85.840000			187.027454
86.130000			186.955631
86.420000			186.871019
86.710000			186.758815
87.000000			186.745763
87.290000			186.841167
87.580000			186.841351
87.870000			186.751267
88.160000			186.624589
88.450000			186.500484
88.740000			186.384973
89.030000			186.293907
89.320000			186.227179
89.610000			186.217597
89.900000			186.217756
90.190000			186.173467
90.480000			186.074121
90.770000			185.946936
91.060000			185.772460
91.350000			185.653959
91.640000			185.606423
91.930000			185.458004
92.220000			185.219469
92.510000			184.906643
92.800000			184.559966
93.090000			184.289874
93.380000			183.999302
93.670000			183.652275
93.960000			183.342990
94.250000			183.021530
94.540000			182.677895
94.830000			182.354781
95.120000			182.047565
95.410000			181.752351
95.700000			181.428397
95.990000			181.076924
96.280000			180.763246
96.570000			180.467525
96.860000			180.142125
97.150000			179.809301
97.440000			179.501171
97.730000			179.233093
98.020000			179.007740
98.310000			178.804023
98.600000			178.617523
98.890000			178.430700
99.180000			178.219023
99.470000			178.029308
99.760000			177.887077
100.050000			177.767779
100.340000			177.679026
100.630000			177.579877
100.920000			177.452825
101.210000			177.361839
101.500000			177.288942
101.790000			177.237798
102.080000			177.236841
102.370000			177.240661
102.660000			177.263047
102.950000			177.302484
103.240000			177.322687
103.530000			177.348918
103.820000			177.389735
104.110000			177.447753
104.400000			177.513749
104.690000			177.559647
104.980000			177.586985
105.270000			177.585260
105.560000			177.595283
105.850000			177.626476
106.140000			177.612007
106.430000			177.561863
106.720000			177.493621
107.010000			177.415489
107.300000			177.308129
107.590000			177.165588
107.880000			177.009177
108.170000			176.817558
108.460000			176.607162
108.750000			176.375194
109.040000			176.143075
109.330000			175.907084
109.620000			175.639272
109.910000			175.397511
110.200000			175.175029
110.490000			174.961957
110.780000			174.774932
111.070000			174.612071
111.360000			174.460119
111.650000			174.299178
111.940000			174.156906
112.230000			174.040101
112.520000			173.958916
112.810000			173.904111
113.100000			173.856250
113.390000			173.837609
113.680000			173.844991
113.970000			173.865424
114.260000			173.897843
114.550000			173.980481
114.840000			174.104736
115.130000			174.230091
115.420000			174.355772
115.710000			174.492075
116.000000			174.648914
116.290000			174.805657
116.580000			174.958451
116.870000			175.099582
117.160000			175.224047
117.450000			175.305957
117.740000			175.339550
118.030000			175.339168
118.320000			175.299419
118.610000			175.246979
118.900000			175.163856
119.190000			175.026733
119.480000			174.844449
119.770000			174.636187
120.060000			174.417323
120.350000			174.174928
120.640000			173.924577
120.930000			173.686912
121.220000			173.461983
121.510000			173.265770
121.800000			173.089664
122.090000			172.935736
122.380000			172.806733
122.670000			172.700369
122.960000			172.646839
123.250000			172.638929
123.540000			172.663598
123.830000			172.727920
124.120000			172.808864
124.410000			172.914514
124.700000			173.075583
124.990000			173.271645
125.280000			173.487051
125.570000			173.732524
125.860000			173.999098
126.150000			174.267262
126.440000			174.535318
126.730000			174.796860
127.020000			175.024767
127.310000			175.213231
127.600000			175.345204
127.890000			175.371117
128.180000			175.291785
128.470000			175.130498
128.760000			174.891316
129.050000			174.594290
129.340000			174.272076
129.630000			173.940057
129.920000			173.589372
130.210000			173.243108
130.500000			172.935312
130.790000			172.657052
131.080000			172.413877
131.370000			172.226030
131.660000			172.093760
131.950000			172.015490
132.240000			171.984689
132.530000			171.998022
132.820000			172.058808
133.110000			172.173496
133.400000			172.346949
133.690000			172.571408
133.980000			172.853901
134.270000			173.194156
134.560000			173.570672
134.850000			173.967088
135.140000			174.342137
135.430000			174.665756
135.720000			174.924136
136.010000			175.069666
136.300000			175.055673
136.590000			174.868698
136.880000			174.525887
137.170000			174.061429
137.460000			173.537566
137.750000			172.984384
138.040000			172.408403
138.330000			171.842612
138.620000			171.300958
138.910000			170.789555
139.200000			170.316718
139.490000			169.885279
139.780000			169.498923
140.070000			169.152717
140.360000			168.836374
140.650000			168.543598
140.940000			168.276586
141.230000			168.031276
141.520000			167.808955
141.810000			167.622156
142.100000			167.464442
142.390000			167.328231
142.680000			167.215618
142.970000			167.121168
143.260000			167.038372
143.550000			166.965240
143.840000			166.899028
144.130000			166.838907
144.420000			166.791015
144.710000			166.755169
145.000000			166.728180
145.290000			166.708567
145.580000			166.691592
145.870000			166.681137
146.160000			166.677295
146.450000			166.671708
146.740000			166.667115
147.030000			166.665782
147.320000			166.658391
147.610000			166.644979
147.900000			166.632311
148.190000			166.615628
148.480000			166.591228
148.770000			166.557214
149.060000			166.510815
149.350000			166.455875
149.640000			166.391967
149.930000			166.316469
150.220000			166.231265
150.510000			166.135594
150.800000			166.032766
151.090000			165.927974
151.380000			165.814439
151.670000			165.690116
151.960000			165.560533
152.250000			165.421301
152.540000			165.274336
152.830000			165.129322
153.120000			164.985526
153.410000			164.840624
153.700000			164.695565
153.990000			164.551806
154.280000			164.411989
154.570000			164.271953
154.860000			164.129670
155.150000			163.991281
155.440000			163.853741
155.730000			163.712479
156.020000			163.570230
156.310000			163.425493
156.600000			163.279475
156.890000			163.136922
157.180000			162.998492
157.470000			162.866809
157.760000			162.741629
158.050000			162.618869
158.340000			162.496390
158.630000			162.370174
158.920000			162.241447
159.210000			162.113128
159.500000			161.983211
159.790000			161.857491
160.080000			161.737428
160.370000			161.617327
160.660000			161.502419
160.950000			161.391302
161.240000			161.277617
161.530000			161.166883
161.820000			161.060094
162.110000			160.956792
162.400000			160.856515
162.690000			160.752832
162.980000			160.647723
163.270000			160.543680
163.560000			160.441924
163.850000			160.344571
164.140000			160.246892
164.430000			160.151866
164.720000			160.063148
165.010000			159.978863
165.300000			159.900306
165.590000			159.823061
165.880000			159.742142
166.170000			159.660152
166.460000			159.580528
166.750000			159.502289
167.040000			159.424679
167.330000			159.350312
167.620000			159.282040
167.910000			159.217805
168.200000			159.155273
168.490000			159.096107
168.780000			159.039552
169.070000			158.985339
169.360000			158.932615
169.650000			158.882368
169.940000			158.837449
170.230000			158.792814
170.520000			158.746141
170.810000			158.703039
171.100000			158.663290
171.390000			158.622919
171.680000			158.586222
171.970000			158.559184
172.260000			158.537556
172.550000			158.517935
172.840000			158.503550
173.130000			158.490244
173.420000			158.475450
173.710000			158.464442
174.000000			158.455398
174.290000			158.446877
174.580000			158.443141
174.870000			158.442734
175.160000			158.445875
175.450000			158.456547
175.740000			158.471225
176.030000			158.489799
176.320000			158.514901
176.610000			158.539972
176.900000			158.567095
177.190000			158.601643
177.480000			158.638751
177.770000			158.679234
178.060000			158.723044
178.350000			158.767923
178.640000			158.815220
178.930000			158.865595
179.220000			158.923721
179.510000			158.988085
179.800000			159.057410
180.090000			159.134151
180.380000			159.217291
180.670000			159.306847
180.960000			159.397364
181.250000			159.488695
181.540000			159.582887
181.830000			159.680268
182.120000			159.784278
182.410000			159.892162
182.700000			160.003818
182.990000			160.124331
183.280000			160.253118
183.570000			160.384678
183.860000			160.520892
184.150000			160.664461
184.440000			160.814436
184.730000			160.971082
185.020000			161.130624
185.310000			161.293333
185.600000			161.462543
185.890000			161.635067
186.180000			161.810712
186.470000			161.991319
186.760000			162.173251
187.050000			162.359607
187.340000			162.553569
187.630000			162.753844
187.920000			162.966789
188.210000			163.190204
188.500000			163.414807
188.790000			163.641805
189.080000			163.867419
189.370000			164.087628
189.660000			164.309761
189.950000			164.536360
190.240000			164.765938
190.530000			164.993489
190.820000			165.218478
191.110000			165.451580
191.400000			165.687472
191.690000			165.917417
191.980000			166.148071
192.270000			166.376789
192.560000			166.599115
192.850000			166.818599
193.140000			167.035393
193.430000			167.244317
193.720000			167.434404
194.010000			167.606214
194.300000			167.769930
194.590000			167.922562
194.880000			168.061587
195.170000			168.193833
195.460000			168.319081
195.750000			168.439564
196.040000			168.563341
196.330000			168.681336
196.620000			168.780694
196.910000			168.863225
197.200000			168.933599
197.490000			168.989749
197.780000			169.026768
198.070000			169.051042
198.360000			169.071339
198.650000			169.092732
198.940000			169.115186
199.230000			169.126155
199.520000			169.126750
199.810000			169.123486
200.100000			169.111175
200.390000			169.098824
200.680000			169.089167
200.970000			169.068804
201.260000			169.039945
201.550000			169.001112
201.840000			168.942640
202.130000			168.870176
202.420000			168.786515
202.710000			168.691425
203.000000			168.586930
203.290000			168.468029
203.580000			168.344192
203.870000			168.225811
204.160000			168.102160
204.450000			167.974398
204.740000			167.845538
205.030000			167.703017
205.320000			167.553698
205.610000			167.403738
205.900000			167.241081
206.190000			167.070254
206.480000			166.897494
206.770000			166.720535
207.060000			166.544715
207.350000			166.373640
207.640000			166.208666
207.930000			166.046112
208.220000			165.881781
208.510000			165.721708
208.800000			165.570736
209.090000			165.431588
209.380000			165.303560
209.670000			165.186088
209.960000			165.080266
210.250000			164.976996
210.540000			164.876110
210.830000			164.783870
211.120000			164.693889
211.410000			164.605358
211.700000			164.526047
211.990000			164.459660
212.280000			164.404817
212.570000			164.359928
212.860000			164.324919
213.150000			164.300590
213.440000			164.287565
213.730000			164.283360
214.020000			164.287543
214.310000			164.297137
214.600000			164.306893
214.890000			164.319827
215.180000			164.336452
215.470000			164.352633
215.760000			164.368708
216.050000			164.383812
216.340000			164.395146
216.630000			164.401393
216.920000			164.401037
217.210000			164.396938
217.500000			164.389458
217.790000			164.373513
218.080000			164.352092
218.370000			164.324048
218.660000			164.281740
218.950000			164.225149
219.240000			164.148418
219.530000			164.045661
219.820000			163.924801
220.110000			163.792831
220.400000			163.653319
220.690000			163.507961
220.980000			163.355608
221.270000			163.198065
221.560000			163.035983
221.850000			162.870453
222.140000			162.704520
222.430000			162.539691
222.720000			162.378154
223.010000			162.217926
223.300000			162.058780
223.590000			161.906897
223.880000			161.760832
224.170000			161.618142
224.460000			161.483976
224.750000			161.360136
225.040000			161.247271
225.330000			161.147561
225.620000			161.059612
225.910000			160.985596
226.200000			160.931118
226.490000			160.895970
226.780000			160.877420
227.070000			160.872193
227.360000			160.878016
227.650000			160.897633
227.940000			160.930115
228.230000			160.974265
228.520000			161.035603
228.810000			161.112334
229.100000			161.202301
229.390000			161.314447
229.680000			161.448434
229.970000			161.595679
230.260000			161.757476
230.550000			161.934722
230.840000			162.125438
231.130000			162.331495
231.420000			162.550270
231.710000			162.781000
232.000000			163.022844
232.290000			163.262524
232.580000			163.494808
232.870000			163.721987
233.160000			163.935404
233.450000			164.132503
233.740000			164.316016
234.030000			164.477938
234.320000			164.609534
234.610000			164.711908
234.900000			164.788118
235.190000			164.830798
235.480000			164.834425
235.770000			164.800028
236.060000			164.726610
236.350000			164.620426
236.640000			164.486696
236.930000			164.331289
237.220000			164.167855
237.510000			164.001675
237.800000			163.839089
238.090000			163.685072
238.380000			163.534711
238.670000			163.393562
238.960000			163.268606
239.250000			163.158492
239.540000			163.067661
239.830000			163.000173
240.120000			162.952824
240.410000			162.923548
240.700000			162.911777
240.990000			162.915726
241.280000			162.937651
241.570000			162.978069
241.860000			163.033866
242.150000			163.110255
242.440000			163.211665
242.730000			163.336014
243.020000			163.480348
243.310000			163.637134
243.600000			163.803283
243.890000			163.976659
244.180000			164.147669
244.470000			164.313972
244.760000			164.469125
245.050000			164.596427
245.340000			164.693879
245.630000			164.761219
245.920000			164.790063
246.210000			164.782131
246.500000			164.734851
246.790000			164.642251
247.080000			164.510399
247.370000			164.342133
247.660000			164.141765
247.950000			163.922858
248.240000			163.692370
248.530000			163.448641
248.820000			163.192399
249.110000			162.931269
249.400000			162.672115
249.690000			162.417250
249.980000			162.170822
250.270000			161.938637
250.560000			161.726938
250.850000			161.540373
251.140000			161.377474
251.430000			161.237481
251.720000			161.121114
252.010000			161.024490
252.300000			160.948523
252.590000			160.896302
252.880000			160.861136
253.170000			160.841289
253.460000			160.842992
253.750000			160.862757
254.040000			160.896329
254.330000			160.944705
254.620000			161.004681
254.910000			161.076310
255.200000			161.158252
255.490000			161.244085
255.780000			161.336782
256.070000			161.433489
256.360000			161.521454
256.650000			161.601445
256.940000			161.674896
257.230000			161.734197
257.520000			161.774874
257.810000			161.790014
258.100000			161.772102
258.390000			161.722469
258.680000			161.649433
258.970000			161.560828
259.260000			161.456963
259.550000			161.340693
259.840000			161.220080
260.130000			161.095514
260.420000			160.967410
260.710000			160.840840
261.000000			160.718184
261.290000			160.602961
261.580000			160.497184
261.870000			160.402030
262.160000			160.322479
262.450000			160.257804
262.740000			160.206777
263.030000			160.173945
263.320000			160.158997
263.610000			160.161849
263.900000			160.185195
264.190000			160.228331
264.480000			160.295090
264.770000			160.388135
265.060000			160.499739
265.350000			160.627039
265.640000			160.775558
265.930000			160.942685
266.220000			161.118040
266.510000			161.297664
266.800000			161.480921
267.090000			161.661742
267.380000			161.835606
267.670000			161.999646
267.960000			162.149708
268.250000			162.287266
268.540000			162.413702
268.830000			162.523618
269.120000			162.610682
269.410000			162.671841
269.700000			162.705518
269.990000			162.711817
270.280000			162.699444
270.570000			162.676336
270.860000			162.639003
271.150000			162.587965
271.440000			162.529683
271.730000			162.464911
272.020000			162.397057
272.310000			162.336317
272.600000			162.287798
272.890000			162.252202
273.180000			162.234462
273.470000			162.238872
273.760000			162.267285
274.050000			162.320267
274.340000			162.390778
274.630000			162.475213
274.920000			162.578968
275.210000			162.695645
275.500000			162.813302
275.790000			162.932693
276.080000			163.052428
276.370000			163.165745
276.660000			163.269641
276.950000			163.357774
277.240000			163.426780
277.530000			163.475965
277.820000			163.496410
278.110000			163.482942
278.400000			163.432445
278.690000			163.342483
278.980000			163.223981
279.270000			163.082739
279.560000			162.916568
279.850000			162.734139
280.140000			162.540443
280.430000			162.333156
280.720000			162.120243
281.010000			161.912473
281.300000			161.714414
281.590000			161.531459
281.880000			161.370433
282.170000			161.235230
282.460000			161.123843
282.750000			161.029125
283.040000			160.948795
283.330000			160.886697
283.620000			160.840888
283.910000			160.805465
284.200000			160.777124
284.490000			160.751498
284.780000			160.727318
285.070000			160.706937
285.360000			160.686693
285.650000			160.662600
285.940000			160.635780
286.230000			160.603987
286.520000			160.563314
286.810000			160.515027
287.100000			160.461695
287.390000			160.401945
287.680000			160.333230
287.970000			160.257669
288.260000			160.178457
288.550000			160.095416
288.840000			160.009603
289.130000			159.921252
289.420000			159.828324
289.710000			159.733733
290.000000			159.641482
290.290000			159.553813
290.580000			159.476517
290.870000			159.413942
291.160000			159.366791
291.450000			159.336038
291.740000			159.320672
292.030000			159.317374
292.320000			159.322487
292.610000			159.336239
292.900000			159.362513
293.190000			159.397947
293.480000			159.437032
293.770000			159.482881
294.060000			159.535583
294.350000			159.589101
294.640000			159.642131
294.930000			159.695668
295.220000			159.750089
295.510000			159.807195
295.800000			159.866718
296.090000			159.926749
296.380000			159.987338
296.670000			160.048501
296.960000			160.111780
297.250000			160.181769
297.540000			160.256925
297.830000			160.330823
298.120000			160.403367
298.410000			160.475073
298.700000			160.543780
298.990000			160.612417
299.280000			160.683888
299.570000			160.757302
299.860000			160.834967
