Propagation Factor vs Range (Altitude=100.00 m)

Range(km)			Propagation Factor(dB)

0.000000			-Inf
0.200000			-252.966998
0.400000			-151.159465
0.600000			-67.910218
0.800000			-38.263319
1.000000			-24.445783
1.200000			-16.912772
1.400000			-12.368136
1.600000			-9.404892
1.800000			-7.375736
2.000000			-5.901244
2.200000			-4.939454
2.400000			-4.127076
2.600000			-3.666337
2.800000			-3.191570
3.000000			-2.368199
3.200000			-1.456971
3.400000			-1.679191
3.600000			-3.075468
3.800000			0.024757
4.000000			-1.595319
4.200000			-3.720336
4.400000			-2.467785
4.600000			-1.928782
4.800000			-3.105541
5.000000			-4.813758
5.200000			-0.867483
5.400000			2.448389
5.600000			0.151719
5.800000			-3.754485
6.000000			3.052761
6.200000			-4.594458
6.400000			2.710139
6.600000			-2.577432
6.800000			3.004651
7.000000			-5.212431
7.200000			3.799209
7.400000			-5.635113
7.600000			2.591504
7.800000			2.461468
8.000000			-7.177844
8.200000			3.701434
8.400000			2.143269
8.600000			-8.599211
8.800000			3.123600
9.000000			3.778017
9.200000			-4.323478
9.400000			-1.239913
9.600000			4.244781
9.800000			3.319449
10.000000			-4.908368
10.200000			-2.382696
10.400000			3.784608
10.600000			4.410769
10.800000			0.806354
11.000000			-10.601243
11.200000			-0.410038
11.400000			3.985031
11.600000			4.583812
11.800000			2.247199
12.000000			-4.904111
12.200000			-6.345395
12.400000			1.485206
12.600000			4.262274
12.800000			4.600695
13.000000			2.870157
13.200000			-1.692370
13.400000			-10.671589
13.600000			-2.624421
13.800000			2.234100
14.000000			4.253810
14.200000			4.608686
14.400000			3.569369
14.600000			0.883448
14.800000			-4.583102
15.000000			-10.031352
15.200000			-2.491976
15.400000			1.660038
15.600000			3.720793
15.800000			4.560632
16.000000			4.427777
16.200000			3.383979
16.400000			1.235655
16.600000			-2.508648
16.800000			-8.622876
17.000000			-7.825410
17.200000			-2.233994
17.400000			1.049843
17.600000			2.969142
17.800000			3.991925
18.000000			4.341333
18.200000			4.116633
18.400000			3.323478
18.600000			1.930486
18.800000			-0.171547
19.000000			-3.206935
19.200000			-6.893601
19.400000			-7.567085
19.600000			-4.230841
19.800000			-1.175410
20.000000			0.966497
20.200000			2.407900
20.400000			3.337770
20.600000			3.866848
20.800000			4.066458
21.000000			3.963712
21.200000			3.598046
21.400000			2.968832
21.600000			2.081261
21.800000			0.910733
22.000000			-0.602041
22.200000			-2.496533
22.400000			-4.827742
22.600000			-7.316807
22.800000			-8.686029
23.000000			-7.619334
23.200000			-5.353686
23.400000			-3.263982
23.600000			-1.596039
23.800000			-0.322156
24.000000			0.607091
24.200000			1.276486
24.400000			1.735470
24.600000			1.989329
24.800000			2.061549
25.000000			1.988535
25.200000			1.796877
25.400000			1.540340
25.600000			1.317207
25.800000			1.225079
26.000000			1.327313
26.200000			1.653456
26.400000			2.188070
26.600000			2.859720
26.800000			3.572418
27.000000			4.255546
27.200000			4.874749
27.400000			5.404025
27.600000			5.810183
27.800000			6.069334
28.000000			6.180183
28.200000			6.151892
28.400000			5.988821
28.600000			5.698020
28.800000			5.303811
29.000000			4.840517
29.200000			4.333227
29.400000			3.805515
29.600000			3.315922
29.800000			2.963593
30.000000			2.830886
30.200000			2.929712
30.400000			3.216490
30.600000			3.628412
30.800000			4.093367
31.000000			4.542701
31.200000			4.935327
31.400000			5.264455
31.600000			5.538129
31.800000			5.755896
32.000000			5.904632
32.200000			5.972739
32.400000			5.962164
32.600000			5.885188
32.800000			5.752989
33.000000			5.569949
33.200000			5.339879
33.400000			5.076378
33.600000			4.804273
33.800000			4.548186
34.000000			4.316205
34.200000			4.107004
34.400000			3.914795
34.600000			3.741908
34.800000			3.599824
35.000000			3.497379
35.200000			3.427187
35.400000			3.354037
35.600000			3.279345
35.800000			3.197129
36.000000			3.106979
36.200000			3.033683
36.400000			2.944573
36.600000			2.834181
36.800000			2.679502
37.000000			2.511460
37.200000			2.305438
37.400000			2.107291
37.600000			1.932655
37.800000			1.791860
38.000000			1.657413
38.200000			1.557228
38.400000			1.478521
38.600000			1.448321
38.800000			1.420938
39.000000			1.465818
39.200000			1.481053
39.400000			1.509324
39.600000			1.482913
39.800000			1.453404
40.000000			1.342857
40.200000			1.253415
40.400000			1.108598
40.600000			0.943448
40.800000			0.792906
41.000000			0.652372
41.200000			0.507808
41.400000			0.321083
41.600000			0.110582
41.800000			-0.144073
42.000000			-0.416894
42.200000			-0.684439
42.400000			-0.958201
42.600000			-1.193988
42.800000			-1.533422
43.000000			-1.926395
43.200000			-2.295010
43.400000			-2.630820
43.600000			-3.016156
43.800000			-3.457735
44.000000			-3.843884
44.200000			-4.104420
44.400000			-4.293744
44.600000			-4.517117
44.800000			-4.785296
45.000000			-5.163540
45.200000			-5.550048
45.400000			-5.892290
45.600000			-6.171649
45.800000			-6.403422
46.000000			-6.684533
46.200000			-7.087330
46.400000			-7.623525
46.600000			-8.356488
46.800000			-9.319148
47.000000			-10.394244
47.200000			-11.622344
47.400000			-12.975367
47.600000			-14.262678
47.800000			-15.621843
48.000000			-16.493484
48.200000			-16.777735
48.400000			-16.440916
48.600000			-15.642113
48.800000			-14.470309
49.000000			-13.376972
49.200000			-11.935442
49.400000			-10.562274
49.600000			-9.547923
49.800000			-8.453076
50.000000			-7.555801
50.200000			-6.856580
50.400000			-6.222799
50.600000			-5.618632
50.800000			-5.286834
51.000000			-4.716909
51.200000			-4.715196
51.400000			-4.618709
51.600000			-3.875854
51.800000			-5.076122
52.000000			-4.643828
52.200000			-4.448714
52.400000			-5.113459
52.600000			-2.840473
52.800000			-3.044694
53.000000			-3.447924
53.200000			-0.538578
53.400000			-0.487243
53.600000			-0.578454
53.800000			0.404675
54.000000			3.459815
54.200000			0.866763
54.400000			1.229986
54.600000			3.869757
54.800000			3.509736
55.000000			3.356462
55.200000			3.786443
55.400000			4.095896
55.600000			5.960787
55.800000			7.527232
56.000000			5.470334
56.200000			6.760954
56.400000			8.121801
56.600000			6.972717
56.800000			5.206177
57.000000			5.878269
57.200000			7.585824
57.400000			8.687497
57.600000			8.946993
57.800000			8.543409
58.000000			7.890310
58.200000			7.163487
58.400000			7.232111
58.600000			7.756760
58.800000			8.392356
59.000000			8.795951
59.200000			9.258238
59.400000			9.901866
59.600000			9.653829
59.800000			9.486986
60.000000			10.175129
60.200000			9.222478
60.400000			9.042895
60.600000			8.471102
60.800000			9.401490
61.000000			8.621125
61.200000			8.123995
61.400000			5.813358
61.600000			6.365106
61.800000			7.757690
62.000000			6.779400
62.200000			4.910425
62.400000			2.786174
62.600000			0.767782
62.800000			-1.405272
63.000000			-3.158824
63.200000			-4.696875
63.400000			-5.362268
63.600000			-6.368107
63.800000			-7.867153
64.000000			-9.214237
64.200000			-10.386130
64.400000			-11.046816
64.600000			-11.388439
64.800000			-11.603135
65.000000			-11.766601
65.200000			-11.925304
65.400000			-12.031909
65.600000			-12.121875
65.800000			-12.141378
66.000000			-12.325421
66.200000			-12.351555
66.400000			-12.752728
66.600000			-12.855244
66.800000			-12.898700
67.000000			-13.549505
67.200000			-12.878002
67.400000			-12.928748
67.600000			-12.661837
67.800000			-13.345217
68.000000			-12.640141
68.200000			-10.264998
68.400000			-8.459390
68.600000			-8.837586
68.800000			-9.056598
69.000000			-9.273070
69.200000			-8.392942
69.400000			-6.796787
69.600000			-5.490726
69.800000			-4.696591
70.000000			-4.129151
70.200000			-3.777220
70.400000			-3.395333
70.600000			-2.913010
70.800000			-2.555789
71.000000			-2.316329
71.200000			-1.663124
71.400000			-1.585137
71.600000			-1.139314
71.800000			-0.437031
72.000000			0.158306
72.200000			0.540149
72.400000			0.902135
72.600000			1.631363
72.800000			1.993604
73.000000			2.355479
73.200000			2.786140
73.400000			2.635644
73.600000			1.670019
73.800000			2.098741
74.000000			2.970209
74.200000			3.973678
74.400000			3.948512
74.600000			4.041344
74.800000			4.507016
75.000000			4.318157
75.200000			4.436748
75.400000			4.566353
75.600000			4.777021
75.800000			5.344180
76.000000			5.311925
76.200000			5.523441
76.400000			6.289435
76.600000			7.575879
76.800000			6.682661
77.000000			7.233318
77.200000			9.133688
77.400000			11.030732
77.600000			11.300563
77.800000			9.848345
78.000000			9.451556
78.200000			9.553141
78.400000			9.602685
78.600000			9.609990
78.800000			6.858729
79.000000			9.122490
79.200000			8.104190
79.400000			7.317190
79.600000			9.477049
79.800000			10.730444
80.000000			-Inf
80.200000			-Inf
80.400000			-Inf
80.600000			-Inf
80.800000			-Inf
81.000000			-Inf
81.200000			-Inf
81.400000			-Inf
81.600000			-Inf
81.800000			-Inf
82.000000			-Inf
82.200000			-Inf
82.400000			-Inf
82.600000			-Inf
82.800000			-Inf
83.000000			-Inf
83.200000			-Inf
83.400000			-Inf
83.600000			-Inf
83.800000			-Inf
84.000000			-Inf
84.200000			-Inf
84.400000			-Inf
84.600000			-Inf
84.800000			-Inf
85.000000			-Inf
85.200000			-Inf
85.400000			-Inf
85.600000			-Inf
85.800000			-Inf
86.000000			-Inf
86.200000			-Inf
86.400000			-Inf
86.600000			-Inf
86.800000			-Inf
87.000000			-Inf
87.200000			-Inf
87.400000			-Inf
87.600000			-Inf
87.800000			-Inf
88.000000			-Inf
88.200000			-Inf
88.400000			-Inf
88.600000			-Inf
88.800000			-Inf
89.000000			-Inf
89.200000			-Inf
89.400000			-Inf
89.600000			-Inf
89.800000			-Inf
90.000000			-Inf
90.200000			-Inf
90.400000			-Inf
90.600000			-Inf
90.800000			-Inf
91.000000			-Inf
91.200000			-Inf
91.400000			-Inf
91.600000			-Inf
91.800000			-Inf
92.000000			-Inf
92.200000			-Inf
92.400000			-Inf
92.600000			-Inf
92.800000			-Inf
93.000000			-Inf
93.200000			-Inf
93.400000			-Inf
93.600000			-Inf
93.800000			-Inf
94.000000			-Inf
94.200000			-Inf
94.400000			-Inf
94.600000			-Inf
94.800000			-Inf
95.000000			-Inf
95.200000			-Inf
95.400000			-Inf
95.600000			-Inf
95.800000			-Inf
96.000000			-Inf
96.200000			-Inf
96.400000			-Inf
96.600000			-Inf
96.800000			-Inf
97.000000			-Inf
97.200000			-Inf
97.400000			-Inf
97.600000			-Inf
97.800000			-Inf
98.000000			-Inf
98.200000			-Inf
98.400000			-Inf
98.600000			-Inf
98.800000			-Inf
99.000000			-Inf
99.200000			-Inf
99.400000			-Inf
99.600000			-Inf
99.800000			-Inf
100.000000			-Inf
