Path Loss vs Range (Altitude=100.00 m)

Range(km)			Path Loss(dB)	Free-space loss(dB)

0.000000			NaN			-Inf
0.200000			353.982095			88.013025
0.400000			261.205462			94.033625
0.600000			183.238953			97.555450
0.800000			157.340216			100.054225
1.000000			146.429980			101.992425
1.200000			141.272407			103.576050
1.400000			138.736174			104.914986
1.600000			137.512689			106.074825
1.800000			137.018108			107.097875
2.000000			136.916341			108.013025
2.200000			137.196332			108.840879
2.400000			137.517611			109.596650
2.600000			138.099735			110.291892
2.800000			138.590508			110.935586
3.000000			138.666034			111.534850
3.200000			138.595668			112.095425
3.400000			139.607756			112.622003
3.600000			141.748740			113.118475
3.800000			139.352948			113.588097
4.000000			141.641316			114.033625
4.200000			144.402012			114.457411
4.400000			143.755562			114.861479
4.600000			143.795715			115.247582
4.800000			145.526975			115.617250
5.000000			147.767055			115.971825
5.200000			144.331780			116.312492
5.400000			141.507621			116.640300
5.600000			144.278119			116.956186
5.800000			148.641522			117.260985
6.000000			142.275974			117.555450
6.200000			150.350406			117.840259
6.400000			143.459458			118.116025
6.600000			149.147948			118.383304
6.800000			143.954814			118.642603
7.000000			152.549569			118.894386
7.200000			143.904963			119.139075
7.400000			153.696261			119.377059
7.600000			145.817101			119.608697
7.800000			146.285567			119.834317
8.000000			156.254741			120.054225
8.200000			145.697178			120.268702
8.400000			147.569307			120.478011
8.600000			158.618361			120.682394
8.800000			147.195077			120.882079
9.000000			146.833455			121.077275
9.200000			155.221310			121.268182
9.400000			152.417945			121.454982
9.600000			147.207554			121.637850
9.800000			148.401531			121.816947
10.000000			156.892565			121.992425
10.200000			154.624898			122.164429
10.400000			148.710589			122.333092
10.600000			148.332604			122.498542
10.800000			152.180556			122.660900
11.000000			163.827220			122.820279
11.200000			153.870776			122.976786
11.400000			149.706312			123.130522
11.600000			149.334125			123.281585
11.800000			151.893459			123.430065
12.000000			159.263746			123.576050
12.200000			160.920387			123.719622
12.400000			153.301642			123.860859
12.600000			150.733040			123.999836
12.800000			150.599801			124.136624
13.000000			152.532341			124.271292
13.200000			157.293786			124.403904
13.400000			166.468930			124.534521
13.600000			158.614786			124.663203
13.800000			153.946470			124.790007
14.000000			152.114228			124.914986
14.200000			151.944161			125.038192
14.400000			153.165703			125.159675
14.600000			156.031335			125.279482
14.800000			161.675151			125.397659
15.000000			167.298287			125.514250
15.200000			159.931481			125.629297
15.400000			155.949781			125.742840
15.600000			154.057142			125.854917
15.800000			153.383278			125.965567
16.000000			153.680020			126.074825
16.200000			154.885669			126.182725
16.400000			157.193857			126.289302
16.600000			161.096088			126.394587
16.800000			167.366352			126.498611
17.000000			166.723075			126.601404
17.200000			161.284045			126.702994
17.400000			158.150832			126.803410
17.600000			156.380435			126.902678
17.800000			155.504873			127.000825
18.000000			155.301040			127.097875
18.200000			155.669706			127.193853
18.400000			156.605254			127.288782
18.600000			158.139100			127.382684
18.800000			160.380480			127.475582
19.000000			163.553741			127.567497
19.200000			167.376835			127.658450
19.400000			168.185334			127.748460
19.600000			164.982720			127.837547
19.800000			162.059563			127.925729
20.000000			160.048600			128.013025
20.200000			158.736838			128.099452
20.400000			157.935332			128.185028
20.600000			157.533366			128.269770
20.800000			157.459640			128.353692
21.000000			157.687064			128.436811
21.200000			158.176227			128.519142
21.400000			158.927778			128.600701
21.600000			159.936548			128.681500
21.800000			161.227159			128.761555
22.000000			162.858918			128.840879
22.200000			164.871319			128.919485
22.400000			167.319380			128.997385
22.600000			169.924258			129.074594
22.800000			171.408271			129.151122
23.000000			170.455366			129.226982
23.200000			168.302523			129.302185
23.400000			166.324655			129.376742
23.600000			164.767596			129.450665
23.800000			163.603662			129.523964
24.000000			162.783444			129.596650
24.200000			162.222172			129.668732
24.400000			161.870422			129.740222
24.600000			161.722922			129.811127
24.800000			161.756199			129.881459
25.000000			161.933862			129.951225
25.200000			162.229336			130.020436
25.400000			162.588869			130.089099
25.600000			162.914189			130.157224
25.800000			163.107710			130.224819
26.000000			163.106085			130.291892
26.200000			162.879780			130.358451
26.400000			162.444245			130.424504
26.600000			161.870927			130.490058
26.800000			161.255823			130.555121
27.000000			160.669565			130.619700
27.200000			160.146515			130.683803
27.400000			159.712689			130.747436
27.600000			159.401287			130.810607
27.800000			159.236207			130.873321
28.000000			159.218755			130.935586
28.200000			159.339778			130.997407
28.400000			159.594926			131.058792
28.600000			159.977158			131.119746
28.800000			160.462161			131.180275
29.000000			161.015621			131.240385
29.200000			161.612456			131.300082
29.400000			162.229103			131.359372
29.600000			162.807027			131.418259
29.800000			163.247092			131.476750
30.000000			163.466949			131.534850
30.200000			163.454694			131.592564
30.400000			163.253915			131.649897
30.600000			162.927428			131.706854
30.800000			162.547352			131.763439
31.000000			162.182347			131.819659
31.200000			161.873508			131.875517
31.400000			161.627631			131.931018
31.600000			161.436681			131.986167
31.800000			161.301114			132.040967
32.000000			161.234065			132.095425
32.200000			161.247134			132.149543
32.400000			161.338383			132.203325
32.600000			161.495537			132.256777
32.800000			161.707424			132.309902
33.000000			161.969666			132.362704
33.200000			162.278461			132.415187
33.400000			162.620213			132.467354
33.600000			162.970103			132.519211
33.800000			163.303512			132.570759
34.000000			163.612360			132.622003
34.200000			163.897977			132.672947
34.400000			164.166156			132.723594
34.600000			164.414572			132.773947
34.800000			164.631750			132.824010
35.000000			164.808860			132.873786
35.200000			164.953290			132.923278
35.400000			165.100258			132.972490
35.600000			165.248352			133.021425
35.800000			165.403559			133.070086
36.000000			165.566293			133.118475
36.200000			165.711771			133.166597
36.400000			165.872666			133.214453
36.600000			166.054449			133.262047
36.800000			166.280130			133.309381
37.000000			166.518789			133.356460
37.200000			166.795048			133.403284
37.400000			167.063055			133.449857
37.600000			167.307177			133.496182
37.800000			167.517092			133.542261
38.000000			167.720292			133.588097
38.200000			167.888870			133.633692
38.400000			168.035613			133.679050
38.600000			168.133495			133.724171
38.800000			168.228211			133.769060
39.000000			168.250317			133.813717
39.200000			168.301726			133.858146
39.400000			168.339760			133.902350
39.600000			168.432140			133.946329
39.800000			168.527286			133.990087
40.000000			168.703140			134.033625
40.200000			168.857563			134.076946
40.400000			169.067040			134.120052
40.600000			169.296530			134.162946
40.800000			169.511096			134.205628
41.000000			169.715341			134.248102
41.200000			169.923305			134.290369
41.400000			170.173125			134.332432
41.600000			170.446415			134.374292
41.800000			170.763559			134.415951
42.000000			171.098570			134.457411
42.200000			171.428010			134.498674
42.400000			171.763374			134.539742
42.600000			172.060474			134.580617
42.800000			172.460932			134.621300
43.000000			172.914646			134.661794
43.200000			173.343720			134.702100
43.400000			173.739709			134.742220
43.600000			174.184948			134.782155
43.800000			174.686156			134.821907
44.000000			175.131661			134.861479
44.200000			175.451286			134.900870
44.400000			175.699431			134.940084
44.600000			175.981360			134.979122
44.800000			176.307834			135.017985
45.000000			176.744112			135.056675
45.200000			177.188398			135.095194
45.400000			177.588163			135.133542
45.600000			177.924791			135.171722
45.800000			178.213583			135.209735
46.000000			178.551465			135.247582
46.200000			179.010786			135.285265
46.400000			179.603262			135.322785
46.600000			180.392263			135.360143
46.800000			181.410721			135.397342
47.000000			182.541377			135.434382
47.200000			183.824802			135.471265
47.400000			185.232915			135.507992
47.600000			186.575084			135.544564
47.800000			187.988877			135.580983
48.000000			188.914919			135.617250
48.200000			189.253344			135.653366
48.400000			188.970474			135.689332
48.600000			188.225398			135.725150
48.800000			187.107101			135.760822
49.000000			186.067052			135.796347
49.200000			184.678592			135.831727
49.400000			183.358280			135.866964
49.600000			182.396571			135.902059
49.800000			181.354153			135.937012
50.000000			180.509098			135.971825
50.200000			179.861888			136.006499
50.400000			179.279912			136.041036
50.600000			178.727345			136.075435
50.800000			178.446943			136.109699
51.000000			177.928211			136.143829
51.200000			177.977492			136.177824
51.400000			177.931800			136.211687
51.600000			177.239542			136.245419
51.800000			178.490212			136.279020
52.000000			178.108126			136.312492
52.200000			177.963027			136.345835
52.400000			178.677595			136.379051
52.600000			176.454242			136.412140
52.800000			176.707909			136.445104
53.000000			177.160398			136.477942
53.200000			174.300124			136.510658
53.400000			174.297678			136.543250
53.600000			174.437595			136.575721
53.800000			173.502991			136.608071
54.000000			170.496195			136.640300
54.200000			173.137413			136.672411
54.400000			172.822178			136.704403
54.600000			170.230219			136.736278
54.800000			170.637878			136.768036
55.000000			170.838616			136.799679
55.200000			170.455926			136.831207
55.400000			170.193594			136.862620
55.600000			168.375654			136.893921
55.800000			166.855991			136.925109
56.000000			168.959504			136.956186
56.200000			167.715332			136.987151
56.400000			166.400769			137.018007
56.600000			167.595973			137.048754
56.800000			169.408470			137.079392
57.000000			168.782174			137.109922
57.200000			167.120254			137.140346
57.400000			166.064057			137.170663
57.600000			165.849878			137.200875
57.800000			166.298624			137.230982
58.000000			166.996727			137.260985
58.200000			167.768400			137.290885
58.400000			167.744471			137.320682
58.600000			167.264366			137.350377
58.800000			166.673161			137.379972
59.000000			166.313807			137.409465
59.200000			165.895611			137.438859
59.400000			165.295925			137.468154
59.600000			165.587756			137.497350
59.800000			165.798247			137.526449
60.000000			165.153606			137.555450
60.200000			166.149614			137.584355
60.400000			166.372410			137.613164
60.600000			166.987274			137.641878
60.800000			166.099815			137.670497
61.000000			166.922967			137.699022
61.200000			167.462745			137.727454
61.400000			169.815890			137.755793
61.600000			169.306513			137.784039
61.800000			167.956161			137.812195
62.000000			168.976548			137.840259
62.200000			170.887484			137.868233
62.400000			173.053561			137.896117
62.600000			175.113646			137.923912
62.800000			177.328258			137.951618
63.000000			179.123238			137.979236
63.200000			180.702585			138.006767
63.400000			181.409143			138.034210
63.600000			182.456018			138.061567
63.800000			183.995970			138.088839
64.000000			185.383834			138.116025
64.200000			186.596378			138.143126
64.400000			187.297589			138.170142
64.600000			187.679612			138.197075
64.800000			187.934583			138.223925
65.000000			188.138199			138.250692
65.200000			188.336929			138.277377
65.400000			188.483438			138.303980
65.600000			188.613188			138.330502
65.800000			188.672352			138.356943
66.000000			188.895936			138.383304
66.200000			188.961492			138.409585
66.400000			189.401968			138.435787
66.600000			189.543669			138.461910
66.800000			189.626191			138.487954
67.000000			190.315946			138.513921
67.200000			189.683278			138.539811
67.400000			189.772742			138.565623
67.600000			189.544435			138.591359
67.800000			190.266305			138.617019
68.000000			189.599605			138.642603
68.200000			187.262726			138.668113
68.400000			185.495270			138.693547
68.600000			185.911506			138.718907
68.800000			186.168448			138.744194
69.000000			186.422740			138.769407
69.200000			185.580322			138.794547
69.400000			184.021769			138.819615
69.600000			182.753201			138.844610
69.800000			181.996451			138.869534
70.000000			181.466289			138.894386
70.200000			181.151531			138.919167
70.400000			180.806710			138.943878
70.600000			180.361348			138.968519
70.800000			180.040984			138.993090
71.000000			179.838277			139.017592
71.200000			179.221721			139.042025
71.400000			179.180281			139.066389
71.600000			178.770902			139.090686
71.800000			178.104961			139.114914
72.000000			177.545866			139.139075
72.200000			177.200164			139.163169
72.400000			176.874220			139.187196
72.600000			176.180932			139.211158
72.800000			175.854534			139.235053
73.000000			175.528404			139.258882
73.200000			175.133390			139.282647
73.400000			175.319435			139.306346
73.600000			176.320512			139.329981
73.800000			175.927147			139.353552
74.000000			175.090940			139.377059
74.200000			174.122636			139.400503
74.400000			174.182873			139.423884
74.600000			174.125018			139.447202
74.800000			173.694229			139.470457
75.000000			173.917878			139.493650
75.200000			173.833984			139.516782
75.400000			173.738984			139.539852
75.600000			173.562830			139.562861
75.800000			173.030094			139.585809
76.000000			173.096680			139.608697
76.200000			172.919406			139.631525
76.400000			172.187563			139.654292
76.600000			170.935181			139.677000
76.800000			171.862373			139.699649
77.000000			171.345601			139.722240
77.200000			169.479028			139.744771
77.400000			167.615695			139.767244
77.600000			167.379486			139.789660
77.800000			168.865241			139.812017
78.000000			169.295480			139.834317
78.200000			169.227259			139.856560
78.400000			169.210995			139.878746
78.600000			169.236883			139.900876
78.800000			172.021255			139.922949
79.000000			169.790520			139.944967
79.200000			170.841763			139.966929
79.400000			171.661622			139.988835
79.600000			169.534540			140.010686
79.800000			168.313840			140.032483
80.000000			Inf			140.054225
80.200000			Inf			140.075912
80.400000			Inf			140.097546
80.600000			Inf			140.119126
80.800000			Inf			140.140652
81.000000			Inf			140.162125
81.200000			Inf			140.183546
81.400000			Inf			140.204913
81.600000			Inf			140.226228
81.800000			Inf			140.247491
82.000000			Inf			140.268702
82.200000			Inf			140.289861
82.400000			Inf			140.310969
82.600000			Inf			140.332026
82.800000			Inf			140.353032
83.000000			Inf			140.373987
83.200000			Inf			140.394892
83.400000			Inf			140.415746
83.600000			Inf			140.436551
83.800000			Inf			140.457305
84.000000			Inf			140.478011
84.200000			Inf			140.498667
84.400000			Inf			140.519274
84.600000			Inf			140.539832
84.800000			Inf			140.560342
85.000000			Inf			140.580804
85.200000			Inf			140.601217
85.400000			Inf			140.621583
85.600000			Inf			140.641900
85.800000			Inf			140.662171
86.000000			Inf			140.682394
86.200000			Inf			140.702570
86.400000			Inf			140.722700
86.600000			Inf			140.742783
86.800000			Inf			140.762820
87.000000			Inf			140.782810
87.200000			Inf			140.802755
87.400000			Inf			140.822654
87.600000			Inf			140.842507
87.800000			Inf			140.862315
88.000000			Inf			140.882079
88.200000			Inf			140.901797
88.400000			Inf			140.921470
88.600000			Inf			140.941100
88.800000			Inf			140.960684
89.000000			Inf			140.980225
89.200000			Inf			140.999722
89.400000			Inf			141.019175
89.600000			Inf			141.038585
89.800000			Inf			141.057952
90.000000			Inf			141.077275
90.200000			Inf			141.096556
90.400000			Inf			141.115794
90.600000			Inf			141.134989
90.800000			Inf			141.154142
91.000000			Inf			141.173253
91.200000			Inf			141.192322
91.400000			Inf			141.211349
91.600000			Inf			141.230335
91.800000			Inf			141.249279
92.000000			Inf			141.268182
92.200000			Inf			141.287044
92.400000			Inf			141.305865
92.600000			Inf			141.324645
92.800000			Inf			141.343385
93.000000			Inf			141.362084
93.200000			Inf			141.380743
93.400000			Inf			141.399363
93.600000			Inf			141.417942
93.800000			Inf			141.436482
94.000000			Inf			141.454982
94.200000			Inf			141.473443
94.400000			Inf			141.491865
94.600000			Inf			141.510248
94.800000			Inf			141.528592
95.000000			Inf			141.546897
95.200000			Inf			141.565164
95.400000			Inf			141.583393
95.600000			Inf			141.601583
95.800000			Inf			141.619735
96.000000			Inf			141.637850
96.200000			Inf			141.655927
96.400000			Inf			141.673966
96.600000			Inf			141.691968
96.800000			Inf			141.709932
97.000000			Inf			141.727860
97.200000			Inf			141.745750
97.400000			Inf			141.763604
97.600000			Inf			141.781421
97.800000			Inf			141.799202
98.000000			Inf			141.816947
98.200000			Inf			141.834655
98.400000			Inf			141.852327
98.600000			Inf			141.869963
98.800000			Inf			141.887564
99.000000			Inf			141.905129
99.200000			Inf			141.922659
99.400000			Inf			141.940153
99.600000			Inf			141.957612
99.800000			Inf			141.975036
100.000000			Inf			141.992425
