Path Loss vs Range (Altitude=600.00 m)

Range(km)			Path Loss(dB)	Free-space loss(dB)

0.000000			-Inf			-Inf
0.200000			195.087740			58.470600
0.400000			195.041705			64.491200
0.600000			194.967628			68.013025
0.800000			194.867888			70.511800
1.000000			194.743446			72.450000
1.200000			194.594003			74.033625
1.400000			194.418868			75.372561
1.600000			194.217609			76.532400
1.800000			193.989994			77.555450
2.000000			193.735572			78.470600
2.200000			193.453446			79.298454
2.400000			193.142408			80.054225
2.600000			192.801162			80.749467
2.800000			192.428332			81.393161
3.000000			192.022303			81.992425
3.200000			191.581099			82.553000
3.400000			191.102408			83.079578
3.600000			190.583643			83.576050
3.800000			190.021941			84.045672
4.000000			189.414073			84.491200
4.200000			188.756393			84.914986
4.400000			188.044862			85.319054
4.600000			187.275115			85.705157
4.800000			186.442556			86.074825
5.000000			185.542469			86.429400
5.200000			184.570241			86.770067
5.400000			183.521712			87.097875
5.600000			182.393647			87.413761
5.800000			181.184285			87.718560
6.000000			179.893919			88.013025
6.200000			178.525429			88.297834
6.400000			177.084671			88.573599
6.600000			175.580608			88.840879
6.800000			174.025142			89.100178
7.000000			172.432659			89.351961
7.200000			170.819369			89.596650
7.400000			169.202576			89.834634
7.600000			167.599971			90.066272
7.800000			166.029033			90.291892
8.000000			164.506576			90.511800
8.200000			163.048430			90.726277
8.400000			161.669243			90.935586
8.600000			160.382327			91.139969
8.800000			159.199532			91.339653
9.000000			158.131054			91.534850
9.200000			157.185127			91.725757
9.400000			156.367522			91.912557
9.600000			155.680776			92.095425
9.800000			155.123091			92.274522
10.000000			154.686949			92.450000
10.200000			154.357702			92.622003
10.400000			154.112835			92.790667
10.600000			153.923114			92.956117
10.800000			153.756960			93.118475
11.000000			153.588097			93.277854
11.200000			153.403697			93.434360
11.400000			153.207997			93.588097
11.600000			153.018120			93.739160
11.800000			152.853976			93.887640
12.000000			152.727642			94.033625
12.200000			152.637166			94.177197
12.400000			152.567320			94.318434
12.600000			152.497388			94.457411
12.800000			152.412746			94.594199
13.000000			152.313347			94.728867
13.200000			152.212745			94.861479
13.400000			152.127982			94.992096
13.600000			152.067559			95.120778
13.800000			152.025519			95.247582
14.000000			151.985468			95.372561
14.200000			151.932301			95.495767
14.400000			151.863479			95.617250
14.600000			151.790603			95.737057
14.800000			151.729631			95.855234
15.000000			151.687818			95.971825
15.200000			151.657806			96.086872
15.400000			151.623539			96.200414
15.600000			151.573738			96.312492
15.800000			151.511716			96.423142
16.000000			151.452295			96.532400
16.200000			151.408443			96.640300
16.400000			151.379687			96.746877
16.600000			151.352461			96.852162
16.800000			151.312421			96.956186
17.000000			151.257991			97.058978
17.200000			151.201985			97.160569
17.400000			151.159324			97.260985
17.600000			151.132783			97.360253
17.800000			151.110250			97.458400
18.000000			151.076375			97.555450
18.200000			151.027919			97.651428
18.400000			150.977257			97.746356
18.600000			150.939967			97.840259
18.800000			150.919167			97.933157
19.000000			150.902245			98.025072
19.200000			150.873548			98.116025
19.400000			150.830771			98.206035
19.600000			150.787672			98.295121
19.800000			150.759729			98.383304
20.000000			150.747922			98.470600
20.200000			150.739177			98.557027
20.400000			150.717665			98.642603
20.600000			150.677025			98.727344
20.800000			150.633170			98.811267
21.000000			150.630315			98.894386
21.200000			150.631498			98.976717
21.400000			150.627809			99.058275
21.600000			150.606096			99.139075
21.800000			150.555690			99.219130
22.000000			150.537080			99.298454
22.200000			150.549291			99.377059
22.400000			150.584849			99.454960
22.600000			150.603441			99.532169
22.800000			150.508499			99.608697
23.000000			150.473182			99.684557
23.200000			150.531427			99.759760
23.400000			150.542078			99.834317
23.600000			150.576762			99.908240
23.800000			150.648580			99.981539
24.000000			150.534957			100.054225
24.200000			150.293128			100.126307
24.400000			150.261529			100.197797
24.600000			150.725138			100.268702
24.800000			151.363381			100.339034
25.000000			151.378551			100.408800
25.200000			150.494165			100.478011
25.400000			149.304609			100.546674
25.600000			148.469398			100.614799
25.800000			148.251621			100.682394
26.000000			148.690584			100.749467
26.200000			149.721468			100.816026
26.400000			151.190579			100.882079
26.600000			152.820678			100.947633
26.800000			154.265807			101.012696
27.000000			155.328470			101.077275
27.200000			156.064042			101.141378
27.400000			156.606743			101.205011
27.600000			157.071171			101.268182
27.800000			157.597615			101.330896
28.000000			158.309740			101.393161
28.200000			159.181388			101.454982
28.400000			159.982229			101.516367
28.600000			160.491937			101.577321
28.800000			160.820383			101.637850
29.000000			161.271155			101.697960
29.200000			161.957937			101.757657
29.400000			162.678584			101.816947
29.600000			163.148314			101.875834
29.800000			163.408806			101.934325
30.000000			163.756777			101.992425
30.200000			164.310836			102.050139
30.400000			164.869572			102.107472
30.600000			165.192400			102.164429
30.800000			165.380674			102.221014
31.000000			165.718964			102.277234
31.200000			166.255756			102.333092
31.400000			166.726306			102.388593
31.600000			166.922527			102.443742
31.800000			167.043214			102.498542
32.000000			167.387746			102.553000
32.200000			167.928004			102.607117
32.400000			168.317056			102.660900
32.600000			168.387144			102.714352
32.800000			168.451154			102.767477
33.000000			168.821847			102.820279
33.200000			169.383075			102.872762
33.400000			169.693062			102.924929
33.600000			169.638486			102.976786
33.800000			169.658077			103.028334
34.000000			170.073389			103.079578
34.200000			170.672297			103.130522
34.400000			170.907267			103.181169
34.600000			170.731670			103.231522
34.800000			170.714980			103.281585
35.000000			171.180899			103.331361
35.200000			171.818954			103.380853
35.400000			171.978651			103.430065
35.600000			171.696998			103.479000
35.800000			171.666615			103.527661
36.000000			172.200861			103.576050
36.200000			172.880999			103.624171
36.400000			172.947830			103.672028
36.600000			172.551119			103.719622
36.800000			172.511129			103.766956
37.000000			173.122313			103.814034
37.200000			173.850919			103.860859
37.400000			173.823200			103.907432
37.600000			173.319065			103.953757
37.800000			173.281990			103.999836
38.000000			173.982763			104.045672
38.200000			174.766297			104.091267
38.400000			174.634937			104.136624
38.600000			174.021945			104.181746
38.800000			173.992749			104.226635
39.000000			174.790802			104.271292
39.200000			175.633166			104.315721
39.400000			175.387473			104.359924
39.600000			174.663741			104.403904
39.800000			174.646261			104.447661
40.000000			175.550721			104.491200
40.200000			176.462266			104.534521
40.400000			176.092437			104.577627
40.600000			175.246776			104.620521
40.800000			175.228586			104.663203
41.000000			176.232770			104.705677
41.200000			177.237845			104.747944
41.400000			176.783701			104.790007
41.600000			175.836340			104.831867
41.800000			175.810475			104.873526
42.000000			176.881137			104.914986
42.200000			177.931865			104.956249
42.400000			177.388690			104.997317
42.600000			176.374373			105.038192
42.800000			176.365024			105.078875
43.000000			177.502962			105.119369
43.200000			178.571736			105.159675
43.400000			177.931954			105.199795
43.600000			176.885567			105.239730
43.800000			176.938389			105.279482
44.000000			178.193342			105.319054
44.200000			179.276094			105.358445
44.400000			178.452704			105.397659
44.600000			177.325322			105.436697
44.800000			177.427033			105.475560
45.000000			178.808615			105.514250
45.200000			179.917094			105.552769
45.400000			178.886021			105.591117
45.600000			177.650508			105.629297
45.800000			177.781649			105.667310
46.000000			179.338261			105.705157
46.200000			180.700094			105.742840
46.400000			179.572927			105.780360
46.600000			178.144465			105.817718
46.800000			178.153042			105.854917
47.000000			179.644371			105.891957
47.200000			181.115175			105.928840
47.400000			180.212198			105.965567
47.600000			178.873472			106.002139
47.800000			178.925547			106.038558
48.000000			180.388182			106.074825
48.200000			181.515313			106.110941
48.400000			180.283181			106.146907
48.600000			178.950429			106.182725
48.800000			179.098162			106.218396
49.000000			180.751765			106.253922
49.200000			182.247384			106.289302
49.400000			181.136995			106.324539
49.600000			179.733386			106.359634
49.800000			179.817162			106.394587
50.000000			181.312042			106.429400
