  22144	        0	        0	5684	D:\Program Files\OriginLab\Origin2024\
  22144	        0	        0	5684	PlatformId = 2,   MajorVersion = 10,  MinorVersion = 0
  22144	        0	        0	5684	ServicePackMajor = 0,   ServicePackMinor = 0
  22144	        0	        0	5684	64 bits
  22144	       31	       31	5684	CrashRpt|bIsCrashRptEnabled: 1
  22144	       31	        0	5684	I0001
  22144	       31	        0	5684	I0002
  22144	       46	       15	5684	AI0
  22144	       62	       16	5684	AI1:0
  22144	       62	        0	5684	10.1.0  b178
  22144	       62	        0	5684	Buld Time:  Dec  6 2023  12:02:41
  22144	       62	        0	5684	@LOG = 9
  22144	       62	        0	5684	EOLOG 1
  22144	       62	        0	5684	EOLOG 2
  22144	       62	        0	5684	Scope begin: okfxSGIP
  22144	       62	        0	5684	okfxSGIP: File is 
  22144	       62	        0	5684	EOLOG 4
  22144	       62	        0	5684	CML: 
  22144	       62	        0	5684	EOLOG 5
  22144	       62	        0	5684	EOLOG 6
  22144	       62	        0	5684	EOLOG 6 VBNA
  22144	       62	        0	5684	EL+*L+ C:\ProgramData\OriginLab\osn1010.dat
  22144	      109	       47	5684	Scope begin: okfxSGIP
  22144	      109	        0	5684	okfxSGIP: 1 
  22144	      109	        0	5684	okfxSGIP: 2 Empty
  22144	      109	        0	5684	okfxSGIP: 5 D:\Program Files\OriginLab\Origin2024\
  22144	      109	        0	5684	okfxSGIP: 6 
  22144	      109	        0	5684	okfxSGIP: 7 
  22144	      109	        0	5684	okfxSGIP: 10, First Run 0
  22144	      109	        0	5684	Scope begin: isinipr
  22144	      109	        0	5684	isinipr: 2 D:\Users\ProjectFiles\MathCodes\OriginLab\User Files\
  22144	      140	       31	5684	isinipr: 6 Copy From Server D:\Users\ProjectFiles\MathCodes\OriginLab\User Files\
  22144	      140	        0	5684	isinipr: 7 Copy From Server 1
  22144	      140	        0	5684	isinipr: 8 D:\Users\ProjectFiles\MathCodes\OriginLab\User Files\Origin.ini
  22144	      140	        0	5684	isinipr: 16 Returning 1
  22144	      140	        0	5684	okfxSGIP: 11, Path From Reg 1
  22144	      140	        0	5684	okfxSGIP: 12 D:\Users\ProjectFiles\MathCodes\OriginLab\User Files\
  22144	      140	        0	5684	okfxSGIP: 28 1
  22144	      140	        0	5684	okfxSGIP: 29 D:\Users\ProjectFiles\MathCodes\OriginLab\User Files\
  22144	      140	        0	5684	okfxSGIP: 32, Returning 1
  22144	      140	        0	5684	EOLOG 7
  22144	      140	        0	5684	EOLOG 8
  22144	      156	       16	5684	OLOG 1
  22144	      156	        0	5684	OLOG 2
  22144	      171	       15	5684	aacl0
  22144	      171	        0	5684	11827
  22144	      234	       63	5684	CS: 41
  22144	      234	        0	5684	CS: 41
  22144	      234	        0	5684	CS: 41
  22144	      234	        0	5684	CS: 31
  22144	      234	        0	5684	CS: 51
  22144	      296	       62	5684	CS: 21
  22144	      312	       16	5684	2348
  22144	      312	        0	5684	OLOG 3
  22144	      359	       47	5684	OLOG 4
  22144	      375	       16	5684	OLOG 5
  22144	      375	        0	5684	OLOG 9
  22144	      375	        0	5684	OLOG 10
  22144	      375	        0	5684	OLOG 11
  22144	      375	        0	5684	OLOG 12
  22144	      375	        0	5684	OSS-1
  22144	      468	       93	5684	OLOG 12
  22144	      468	        0	5684	76982
  22144	      468	        0	5684	293
  22144	      500	       32	5684	294
  22144	      828	      328	5684	295
  22144	     7218	     6390	5684	295-
  22144	     7218	        0	5684	295+
  22144	     7218	        0	5684	1957
  22144	     7218	        0	5684	3457
  22144	     7218	        0	5684	3458
  22144	     8359	     1141	5684	323457
  22144	     8359	        0	5684	LRS: 0
  22144	     8421	       62	5684	07845
  22144	    10500	     2079	5684	0021
  22144	    10500	        0	5684	0022
  22144	    10500	        0	5684	0023
  22144	    10640	      140	5684	IIE
  22144	    10640	        0	5684	EL+ 0
  22144	    10656	       16	5684	EL+ 1
  22144	    10656	        0	5684	EL+ 2
  22144	    10656	        0	5684	EL+ 3
  22144	    10656	        0	5684	EL+ 4
  22144	    10656	        0	5684	EL+ 5
  22144	    10687	       31	5684	EL+ 6
  22144	    10687	        0	5684	EL+ 7
  22144	    10687	        0	5684	EL+ 8
  22144	    10687	        0	5684	EL+ 9
  22144	    10687	        0	5684	id=
  22144	    10750	       63	5790	CS: 10
  22144	    10765	       15	5790	CS: 10
  22144	    10781	       16	5790	CS: 50
  22144	    11609	      828	5684	Checkpt 0
  22144	    11609	        0	5684	Checkpt PM
  22144	    11671	       62	5684	CS: 10
  22144	    11671	        0	5684	CS: 50
  22144	    11687	       16	5684	CS: 10
  22144	    11687	        0	5684	CS: 50
  22144	    11687	        0	5684	Checkpt 0
  22144	    11687	        0	5684	Checkpt 6
  22144	    11703	       16	5684	Checkpt 0
  22144	    11703	        0	5684	Chkpt 1
  22144	    11765	       62	5684	Checkpt 0
  22144	    11765	        0	5684	Chkpt 1
  22144	    11796	       31	5684	Checkpt 0
  22144	    11796	        0	5684	Chkpt 1
  22144	    12234	      438	5684	Checkpt 0
  22144	    12234	        0	5684	Chkpt 1
  22144	    12328	       94	5684	Checkpt 0
  22144	    12328	        0	5684	Chkpt 1
  22144	    12437	      109	5684	Checkpt 0
  22144	    12437	        0	5684	Chkpt 1
  22144	    12546	      109	5684	Checkpt 0
  22144	    12546	        0	5684	Chkpt 1
  22144	    12656	      110	5684	Checkpt 0
  22144	    12656	        0	5684	Chkpt 1
  22144	    12734	       78	5684	Checkpt 0
  22144	    12734	        0	5684	Chkpt 1
  22144	    12796	       62	5684	Checkpt 0
  22144	    12796	        0	5684	Chkpt 1
  22144	    12843	       47	5684	Checkpt 0
  22144	    12843	        0	5684	Chkpt 1
  22144	    12843	        0	5684	Checkpt 0
  22144	    12843	        0	5684	Chkpt 1
  22144	    13140	      297	5684	Checkpt 0
  22144	    13140	        0	5684	Chkpt 1
  22144	    13156	       16	5684	Checkpt 0
  22144	    13156	        0	5684	Chkpt 1
  22144	    13312	      156	5684	Checkpt 0
  22144	    13312	        0	5684	Chkpt 1
  22144	    13500	      188	5684	Checkpt 0
  22144	    13500	        0	5684	Chkpt 1
  22144	    13593	       93	5684	Checkpt 0
  22144	    13593	        0	5684	Chkpt 1
  22144	    13609	       16	5684	Checkpt 0
  22144	    13609	        0	5684	Chkpt 1
  22144	    13609	        0	5684	Checkpt 0
  22144	    13609	        0	5684	Chkpt 1
  22144	    13609	        0	5684	Checkpt 0
  22144	    13609	        0	5684	Chkpt 1
  22144	    13625	       16	5684	Checkpt 0
  22144	    13625	        0	5684	Chkpt 1
  22144	    13625	        0	5684	Checkpt 0
  22144	    13625	        0	5684	Chkpt 1
  22144	    13640	       15	5684	Checkpt 0
  22144	    13640	        0	5684	Chkpt 1
  22144	    13640	        0	5684	Checkpt 0
  22144	    13640	        0	5684	Chkpt 1
  22144	    13656	       16	5684	Checkpt 0
  22144	    13656	        0	5684	Chkpt 1
  22144	    13656	        0	5684	Checkpt 0
  22144	    13656	        0	5684	Chkpt 1
  22144	    13671	       15	5684	Checkpt 0
  22144	    13671	        0	5684	Chkpt 1
  22144	    13734	       63	5684	Checkpt 0
  22144	    13734	        0	5684	Chkpt 1
  22144	    13734	        0	5684	Checkpt 0
  22144	    13734	        0	5684	Chkpt 1
  22144	    13750	       16	5684	Checkpt 0
  22144	    13750	        0	5684	Chkpt 1
  22144	    13750	        0	5684	Checkpt 0
  22144	    13750	        0	5684	Chkpt 1
  22144	    13765	       15	5684	Checkpt 0
  22144	    13765	        0	5684	Chkpt 1
  22144	    13812	       47	5684	Checkpt 0
  22144	    13812	        0	5684	Chkpt 1
  22144	    13812	        0	5684	Checkpt 0
  22144	    13812	        0	5684	Chkpt 1
  22144	    13812	        0	5684	Checkpt 0
  22144	    13828	       16	5684	Chkpt 1
  22144	    13843	       15	5684	Checkpt 0
  22144	    13843	        0	5684	Chkpt 1
  22144	    13843	        0	5684	Checkpt 0
  22144	    13843	        0	5684	Chkpt 1
  22144	    13859	       16	5684	Checkpt 0
  22144	    13859	        0	5684	Chkpt 1
  22144	    13875	       16	5684	Checkpt 0
  22144	    13875	        0	5684	Chkpt 1
  22144	    13890	       15	5684	Checkpt 0
  22144	    13890	        0	5684	Chkpt 1
  22144	    13953	       63	5684	Checkpt 0
  22144	    13953	        0	5684	Chkpt 1
  22144	    13953	        0	5684	Checkpt 0
  22144	    13953	        0	5684	Chkpt 1
  22144	    13984	       31	5684	Checkpt 0
  22144	    13984	        0	5684	Chkpt 1
  22144	    14015	       31	5684	Checkpt 0
  22144	    14015	        0	5684	Chkpt 1
  22144	    14031	       16	5684	Checkpt 0
  22144	    14031	        0	5684	Chkpt 1
  22144	    14031	        0	5684	Checkpt 0
  22144	    14031	        0	5684	Chkpt 1
  22144	    14046	       15	5684	Checkpt 0
  22144	    14046	        0	5684	Chkpt 1
  22144	    14046	        0	5684	Checkpt 0
  22144	    14046	        0	5684	Chkpt 1
  22144	    14062	       16	5684	Checkpt 0
  22144	    14062	        0	5684	Chkpt 1
  22144	    14140	       78	5684	Checkpt 0
  22144	    14140	        0	5684	Chkpt 1
  22144	    14171	       31	5684	Checkpt 0
  22144	    14171	        0	5684	Chkpt 1
  22144	    14187	       16	5684	Checkpt 0
  22144	    14187	        0	5684	Chkpt 1
  22144	    14187	        0	5684	Checkpt 0
  22144	    14187	        0	5684	Chkpt 1
  22144	    14203	       16	5684	Checkpt 0
  22144	    14203	        0	5684	Chkpt 1
  22144	    14218	       15	5684	Checkpt 0
  22144	    14218	        0	5684	Chkpt 1
  22144	    14234	       16	5684	Checkpt 0
  22144	    14234	        0	5684	Chkpt 1
  22144	    14250	       16	5684	Checkpt 0
  22144	    14250	        0	5684	Chkpt 1
  22144	    14265	       15	5684	Checkpt 0
  22144	    14265	        0	5684	Chkpt 1
  22144	    14296	       31	5684	Checkpt 0
  22144	    14296	        0	5684	Chkpt 1
  22144	    14312	       16	5684	Checkpt 0
  22144	    14312	        0	5684	Chkpt 1
  22144	    14312	        0	5684	Checkpt 0
  22144	    14312	        0	5684	Chkpt 1
  22144	    14328	       16	5684	Checkpt 0
  22144	    14328	        0	5684	Chkpt 1
  22144	    14328	        0	5684	Checkpt 0
  22144	    14328	        0	5684	Chkpt 1
  22144	    14343	       15	5684	Checkpt 0
  22144	    14343	        0	5684	Chkpt 1
  22144	    14359	       16	5684	Checkpt 0
  22144	    14359	        0	5684	Chkpt 1
  22144	    14390	       31	5684	Checkpt 0
  22144	    14390	        0	5684	Chkpt 1
  22144	    14437	       47	5684	Checkpt 0
  22144	    14437	        0	5684	Chkpt 1
  22144	    14453	       16	5684	Checkpt 0
  22144	    14453	        0	5684	Chkpt 1
  22144	    14453	        0	5684	Checkpt 0
  22144	    14453	        0	5684	Chkpt 1
  22144	    14468	       15	5684	Checkpt 0
  22144	    14468	        0	5684	Chkpt 1
  22144	    14500	       32	5684	Checkpt 0
  22144	    14500	        0	5684	Chkpt 1
  22144	    14515	       15	5684	Checkpt 0
  22144	    14515	        0	5684	Chkpt 1
  22144	    14531	       16	5684	Checkpt 0
  22144	    14531	        0	5684	Chkpt 1
  22144	    14546	       15	5684	Checkpt 0
  22144	    14546	        0	5684	Chkpt 1
  22144	    14546	        0	5684	Checkpt 0
  22144	    14546	        0	5684	Chkpt 1
  22144	    14546	        0	5684	Checkpt 0
  22144	    14546	        0	5684	Chkpt 1
  22144	    14562	       16	5684	Checkpt 0
  22144	    14562	        0	5684	Chkpt 1
  22144	    14578	       16	5684	Checkpt 0
  22144	    14578	        0	5684	Chkpt 1
  22144	    14640	       62	5684	Checkpt 0
  22144	    14640	        0	5684	Chkpt 1
  22144	    14656	       16	5684	Checkpt 0
  22144	    14656	        0	5684	Chkpt 1
  22144	    14671	       15	5684	Checkpt 0
  22144	    14671	        0	5684	Chkpt 1
  22144	    14703	       32	5684	Checkpt 0
  22144	    14703	        0	5684	Chkpt 1
  22144	    14765	       62	5684	Checkpt 0
  22144	    14765	        0	5684	Chkpt 1
  22144	    14828	       63	5684	Checkpt 0
  22144	    14828	        0	5684	Chkpt 1
  22144	    14890	       62	5684	Checkpt 0
  22144	    14890	        0	5684	Chkpt 1
  22144	    14953	       63	5684	Checkpt 0
  22144	    14953	        0	5684	Chkpt 1
  22144	    15015	       62	5684	Checkpt 0
  22144	    15015	        0	5684	Chkpt 1
  22144	    15046	       31	5684	Checkpt 0
  22144	    15046	        0	5684	Chkpt 1
  22144	    15046	        0	5684	Checkpt 0
  22144	    15046	        0	5684	Chkpt 1
  22144	    15062	       16	5684	Checkpt 0
  22144	    15062	        0	5684	Chkpt 1
  22144	    15062	        0	5684	Checkpt 0
  22144	    15062	        0	5684	Chkpt 1
  22144	    15078	       16	5684	Checkpt 0
  22144	    15078	        0	5684	Chkpt 1
  22144	    15078	        0	5684	Checkpt 0
  22144	    15078	        0	5684	Chkpt 1
  22144	    15078	        0	5684	Checkpt 0
  22144	    15078	        0	5684	Chkpt 1
  22144	    15093	       15	5684	Checkpt 0
  22144	    15093	        0	5684	Chkpt 1
  22144	    15093	        0	5684	Checkpt 0
  22144	    15093	        0	5684	Chkpt 1
  22144	    15109	       16	5684	Checkpt 0
  22144	    15109	        0	5684	Chkpt 1
  22144	    15109	        0	5684	Checkpt 0
  22144	    15109	        0	5684	Chkpt 1
  22144	    15125	       16	5684	Checkpt 0
  22144	    15125	        0	5684	Chkpt 1
  22144	    15125	        0	5684	Checkpt 0
  22144	    15125	        0	5684	Chkpt 1
  22144	    15140	       15	5684	Checkpt 0
  22144	    15140	        0	5684	Chkpt 1
  22144	    15140	        0	5684	Checkpt 0
  22144	    15140	        0	5684	Chkpt 1
  22144	    15156	       16	5684	Checkpt 0
  22144	    15156	        0	5684	Chkpt 1
  22144	    15156	        0	5684	Checkpt 0
  22144	    15156	        0	5684	Chkpt 1
  22144	    15187	       31	5684	Checkpt 0
  22144	    15187	        0	5684	Chkpt 1
  22144	    15203	       16	5684	Checkpt 0
  22144	    15203	        0	5684	Chkpt 1
  22144	    15218	       15	5684	Checkpt 0
  22144	    15218	        0	5684	Chkpt 1
  22144	    15218	        0	5684	Checkpt 0
  22144	    15218	        0	5684	Chkpt 1
  22144	    15250	       32	5684	Checkpt 0
  22144	    15250	        0	5684	Chkpt 1
  22144	    15265	       15	5684	Checkpt 0
  22144	    15265	        0	5684	Chkpt 1
  22144	    15265	        0	5684	Checkpt 0
  22144	    15265	        0	5684	Chkpt 1
  22144	    15281	       16	5684	Checkpt 0
  22144	    15281	        0	5684	Chkpt 1
  22144	    15296	       15	5684	Checkpt 0
  22144	    15296	        0	5684	Chkpt 1
  22144	    15312	       16	5684	Checkpt 0
  22144	    15312	        0	5684	Chkpt 1
  22144	    15312	        0	5684	Checkpt 0
  22144	    15312	        0	5684	Chkpt 1
  22144	    15312	        0	5684	Checkpt 0
  22144	    15312	        0	5684	Chkpt 1
  22144	    15328	       16	5684	Checkpt 0
  22144	    15328	        0	5684	Chkpt 1
  22144	    15328	        0	5684	Checkpt 0
  22144	    15328	        0	5684	Chkpt 1
  22144	    15343	       15	5684	Checkpt 0
  22144	    15343	        0	5684	Chkpt 1
  22144	    15343	        0	5684	Checkpt 0
  22144	    15343	        0	5684	Chkpt 1
  22144	    15453	      110	5684	Checkpt 0
  22144	    15453	        0	5684	Chkpt 1
  22144	    15453	        0	5684	Checkpt 0
  22144	    15453	        0	5684	Chkpt 1
  22144	    15468	       15	5684	Checkpt 0
  22144	    15468	        0	5684	Chkpt 1
  22144	    15468	        0	5684	Checkpt 0
  22144	    15468	        0	5684	Chkpt 1
  22144	    15578	      110	5684	Checkpt 0
  22144	    15578	        0	5684	Chkpt 1
  22144	    15609	       31	5684	Checkpt 0
  22144	    15609	        0	5684	Chkpt 1
  22144	    15625	       16	5684	Checkpt 0
  22144	    15625	        0	5684	Chkpt 1
  22144	    15625	        0	5684	Checkpt 0
  22144	    15625	        0	5684	Chkpt 1
  22144	    15640	       15	5684	Checkpt 0
  22144	    15640	        0	5684	Chkpt 1
  22144	    15640	        0	5684	Checkpt 0
  22144	    15640	        0	5684	Chkpt 1
  22144	    15656	       16	5684	Checkpt 0
  22144	    15656	        0	5684	Chkpt 1
  22144	    15656	        0	5684	Checkpt 0
  22144	    15656	        0	5684	Chkpt 1
  22144	    15671	       15	5684	Checkpt 0
  22144	    15671	        0	5684	Chkpt 1
  22144	    15687	       16	5684	Checkpt 0
  22144	    15687	        0	5684	Chkpt 1
  22144	    16046	      359	5684	Checkpt 0
  22144	    16046	        0	5684	Chkpt 1
  22144	    16062	       16	5684	Checkpt 0
  22144	    16062	        0	5684	Chkpt 1
  22144	    16078	       16	5684	Checkpt 0
  22144	    16078	        0	5684	Chkpt 1
  22144	    16312	      234	5684	Checkpt 0
  22144	    16312	        0	5684	Chkpt 1
  22144	    16500	      188	5684	Checkpt 0
  22144	    16500	        0	5684	Chkpt 1
  22144	    16531	       31	5684	Checkpt 0
  22144	    16531	        0	5684	Chkpt 1
  22144	    16562	       31	5684	Checkpt 0
  22144	    16562	        0	5684	Chkpt 1
  22144	    16593	       31	5684	Checkpt 0
  22144	    16593	        0	5684	Chkpt 1
  22144	    16625	       32	5684	Checkpt 0
  22144	    16625	        0	5684	Chkpt 1
  22144	    16656	       31	5684	Checkpt 0
  22144	    16656	        0	5684	Chkpt 1
  22144	    16687	       31	5684	Checkpt 0
  22144	    16687	        0	5684	Chkpt 1
  22144	    16703	       16	5684	Checkpt 0
  22144	    16703	        0	5684	Chkpt 1
  22144	    16703	        0	5684	Checkpt 0
  22144	    16703	        0	5684	Chkpt 1
  22144	    16734	       31	5684	Checkpt 0
  22144	    16734	        0	5684	Chkpt 1
  22144	    16750	       16	5684	Checkpt 0
  22144	    16750	        0	5684	Chkpt 1
  22144	    16765	       15	5684	Checkpt 0
  22144	    16765	        0	5684	Chkpt 1
  22144	    16765	        0	5684	Checkpt 0
  22144	    16765	        0	5684	Chkpt 1
  22144	    16781	       16	5684	Checkpt 0
  22144	    16781	        0	5684	Chkpt 1
  22144	    16796	       15	5684	Checkpt 0
  22144	    16796	        0	5684	Chkpt 1
  22144	    16796	        0	5684	Checkpt 0
  22144	    16796	        0	5684	Chkpt 1
  22144	    16812	       16	5684	Checkpt 0
  22144	    16812	        0	5684	Chkpt 1
  22144	    16812	        0	5684	Checkpt 0
  22144	    16812	        0	5684	Chkpt 1
  22144	    16812	        0	5684	Checkpt 0
  22144	    16812	        0	5684	Chkpt 1
  22144	    16953	      141	5684	Checkpt 0
  22144	    16953	        0	5684	Chkpt 1
  22144	    16968	       15	5684	Checkpt 0
  22144	    16968	        0	5684	Chkpt 1
  22144	    17000	       32	5684	Checkpt 0
  22144	    17000	        0	5684	Chkpt 1
  22144	    17031	       31	5684	Checkpt 0
  22144	    17031	        0	5684	Chkpt 1
  22144	    17062	       31	5684	Checkpt 0
  22144	    17062	        0	5684	Chkpt 1
  22144	    17093	       31	5684	Checkpt 0
  22144	    17093	        0	5684	Chkpt 1
  22144	    17125	       32	5684	Checkpt 0
  22144	    17125	        0	5684	Chkpt 1
  22144	    17187	       62	5684	Checkpt 0
  22144	    17187	        0	5684	Chkpt 1
  22144	    17187	        0	5684	Checkpt 0
  22144	    17187	        0	5684	Chkpt 1
  22144	    17218	       31	5684	Checkpt 0
  22144	    17218	        0	5684	Chkpt 1
  22144	    17234	       16	5684	Checkpt 0
  22144	    17234	        0	5684	Chkpt 1
  22144	    17250	       16	5684	Checkpt 0
  22144	    17250	        0	5684	Chkpt 1
  22144	    17265	       15	5684	Checkpt 0
  22144	    17265	        0	5684	Chkpt 1
  22144	    17265	        0	5684	Checkpt 0
  22144	    17265	        0	5684	Chkpt 1
  22144	    17281	       16	5684	Checkpt 0
  22144	    17281	        0	5684	Chkpt 1
  22144	    17281	        0	5684	Checkpt 0
  22144	    17281	        0	5684	Chkpt 1
  22144	    17296	       15	5684	Checkpt 0
  22144	    17296	        0	5684	Chkpt 1
  22144	    17296	        0	5684	Checkpt 0
  22144	    17296	        0	5684	Chkpt 1
  22144	    17312	       16	5684	Checkpt 0
  22144	    17312	        0	5684	Chkpt 1
  22144	    17312	        0	5684	Checkpt 0
  22144	    17312	        0	5684	Chkpt 1
  22144	    17328	       16	5684	Checkpt 0
  22144	    17328	        0	5684	Chkpt 1
  22144	    17328	        0	5684	Checkpt 0
  22144	    17328	        0	5684	Chkpt 1
  22144	    17328	        0	5684	Checkpt 0
  22144	    17328	        0	5684	Chkpt 1
  22144	    17343	       15	5684	Checkpt 0
  22144	    17343	        0	5684	Chkpt 1
  22144	    17343	        0	5684	Checkpt 0
  22144	    17343	        0	5684	Chkpt 1
  22144	    17359	       16	5684	Checkpt 0
  22144	    17359	        0	5684	Chkpt 1
  22144	    17359	        0	5684	Checkpt 0
  22144	    17359	        0	5684	Chkpt 1
  22144	    17375	       16	5684	Checkpt 0
  22144	    17375	        0	5684	Chkpt 1
  22144	    17375	        0	5684	Checkpt 0
  22144	    17375	        0	5684	Chkpt 1
  22144	    17390	       15	5684	Checkpt 0
  22144	    17390	        0	5684	Chkpt 1
  22144	    17390	        0	5684	Checkpt 0
  22144	    17390	        0	5684	Chkpt 1
  22144	    17406	       16	5684	Checkpt 0
  22144	    17406	        0	5684	Chkpt 1
  22144	    17406	        0	5684	Checkpt 0
  22144	    17406	        0	5684	Chkpt 1
  22144	    17421	       15	5684	Checkpt 0
  22144	    17421	        0	5684	Chkpt 1
  22144	    17421	        0	5684	Checkpt 0
  22144	    17421	        0	5684	Chkpt 1
  22144	    17437	       16	5684	Checkpt 0
  22144	    17437	        0	5684	Chkpt 1
  22144	    17437	        0	5684	Checkpt 0
  22144	    17437	        0	5684	Chkpt 1
  22144	    17453	       16	5684	Checkpt 0
  22144	    17453	        0	5684	Chkpt 1
  22144	    17453	        0	5684	Checkpt 0
  22144	    17453	        0	5684	Chkpt 1
  22144	    17468	       15	5684	Checkpt 0
  22144	    17468	        0	5684	Chkpt 1
  22144	    17468	        0	5684	Checkpt 0
  22144	    17468	        0	5684	Chkpt 1
  22144	    17484	       16	5684	Checkpt 0
  22144	    17484	        0	5684	Chkpt 1
  22144	    17484	        0	5684	Checkpt 0
  22144	    17484	        0	5684	Chkpt 1
  22144	    17500	       16	5684	Checkpt 0
  22144	    17500	        0	5684	Chkpt 1
  22144	    17515	       15	5684	Checkpt 0
  22144	    17515	        0	5684	Chkpt 1
  22144	    17515	        0	5684	Checkpt 0
  22144	    17515	        0	5684	Chkpt 1
  22144	    17531	       16	5684	Checkpt 0
  22144	    17531	        0	5684	Chkpt 1
  22144	    17531	        0	5684	Checkpt 0
  22144	    17531	        0	5684	Chkpt 1
  22144	    17531	        0	5684	Checkpt 0
  22144	    17531	        0	5684	Chkpt 1
  22144	    17546	       15	5684	Checkpt 0
  22144	    17546	        0	5684	Chkpt 1
  22144	    17546	        0	5684	Checkpt 0
  22144	    17546	        0	5684	Chkpt 1
  22144	    17562	       16	5684	Checkpt 0
  22144	    17562	        0	5684	Chkpt 1
  22144	    17562	        0	5684	Checkpt 0
  22144	    17562	        0	5684	Chkpt 1
  22144	    17593	       31	5684	Checkpt 0
  22144	    17593	        0	5684	Chkpt 1
  22144	    17625	       32	5684	Checkpt 0
  22144	    17625	        0	5684	Chkpt 1
  22144	    17640	       15	5684	Checkpt 0
  22144	    17640	        0	5684	Chkpt 1
  22144	    17640	        0	5684	Checkpt 0
  22144	    17640	        0	5684	Chkpt 1
  22144	    17656	       16	5684	Checkpt 0
  22144	    17656	        0	5684	Chkpt 1
  22144	    17656	        0	5684	Checkpt 0
  22144	    17656	        0	5684	Chkpt 1
  22144	    17671	       15	5684	Checkpt 0
  22144	    17671	        0	5684	Chkpt 1
  22144	    17671	        0	5684	Checkpt 0
  22144	    17671	        0	5684	Chkpt 1
  22144	    17687	       16	5684	Checkpt 0
  22144	    17687	        0	5684	Chkpt 1
  22144	    17687	        0	5684	Checkpt 0
  22144	    17687	        0	5684	Chkpt 1
  22144	    17703	       16	5684	Checkpt 0
  22144	    17703	        0	5684	Chkpt 1
  22144	    17703	        0	5684	Checkpt 0
  22144	    17703	        0	5684	Chkpt 1
  22144	    17734	       31	5684	Checkpt 0
  22144	    17734	        0	5684	Chkpt 1
  22144	    17750	       16	5684	Checkpt 0
  22144	    17750	        0	5684	Chkpt 1
  22144	    17750	        0	5684	Checkpt 0
  22144	    17750	        0	5684	Chkpt 1
  22144	    17765	       15	5684	Checkpt 0
  22144	    17765	        0	5684	Chkpt 1
  22144	    17765	        0	5684	Checkpt 0
  22144	    17765	        0	5684	Chkpt 1
  22144	    17781	       16	5684	Checkpt 0
  22144	    17781	        0	5684	Chkpt 1
  22144	    17781	        0	5684	Checkpt 0
  22144	    17781	        0	5684	Chkpt 1
  22144	    17796	       15	5684	Checkpt 0
  22144	    17796	        0	5684	Chkpt 1
  22144	    17796	        0	5684	Checkpt 0
  22144	    17796	        0	5684	Chkpt 1
  22144	    17828	       32	5684	Checkpt 0
  22144	    17828	        0	5684	Chkpt 1
  22144	    17843	       15	5684	Checkpt 0
  22144	    17843	        0	5684	Chkpt 1
  22144	    17843	        0	5684	Checkpt 0
  22144	    17843	        0	5684	Chkpt 1
  22144	    17859	       16	5684	Checkpt 0
  22144	    17859	        0	5684	Chkpt 1
  22144	    17859	        0	5684	Checkpt 0
  22144	    17859	        0	5684	Chkpt 1
  22144	    17875	       16	5684	Checkpt 0
  22144	    17875	        0	5684	Chkpt 1
  22144	    17875	        0	5684	Checkpt 0
  22144	    17875	        0	5684	Chkpt 1
  22144	    17890	       15	5684	Checkpt 0
  22144	    17890	        0	5684	Chkpt 1
  22144	    17890	        0	5684	Checkpt 0
  22144	    17890	        0	5684	Chkpt 1
  22144	    17906	       16	5684	Checkpt 0
  22144	    17906	        0	5684	Chkpt 1
  22144	    17906	        0	5684	Checkpt 0
  22144	    17906	        0	5684	Chkpt 1
  22144	    17906	        0	5684	Checkpt 0
  22144	    17906	        0	5684	Chkpt 1
  22144	    17921	       15	5684	Checkpt 0
  22144	    17921	        0	5684	Chkpt 1
  22144	    17921	        0	5684	Checkpt 0
  22144	    17921	        0	5684	Chkpt 1
  22144	    17937	       16	5684	Checkpt 0
  22144	    17937	        0	5684	Chkpt 1
  22144	    17937	        0	5684	Checkpt 0
  22144	    17937	        0	5684	Chkpt 1
  22144	    17968	       31	5684	Checkpt 0
  22144	    17968	        0	5684	Chkpt 1
  22144	    17984	       16	5684	Checkpt 0
  22144	    17984	        0	5684	Chkpt 1
  22144	    17984	        0	5684	Checkpt 0
  22144	    17984	        0	5684	Chkpt 1
  22144	    18000	       16	5684	Checkpt 0
  22144	    18000	        0	5684	Chkpt 1
  22144	    18000	        0	5684	Checkpt 0
  22144	    18000	        0	5684	Chkpt 1
  22144	    18015	       15	5684	Checkpt 0
  22144	    18015	        0	5684	Chkpt 1
  22144	    18015	        0	5684	Checkpt 0
  22144	    18015	        0	5684	Chkpt 1
  22144	    18031	       16	5684	Checkpt 0
  22144	    18031	        0	5684	Chkpt 1
  22144	    18031	        0	5684	Checkpt 0
  22144	    18031	        0	5684	Chkpt 1
  22144	    18046	       15	5684	Checkpt 0
  22144	    18046	        0	5684	Chkpt 1
  22144	    18046	        0	5684	Checkpt 0
  22144	    18046	        0	5684	Chkpt 1
  22144	    18062	       16	5684	Checkpt 0
  22144	    18062	        0	5684	Chkpt 1
  22144	    18109	       47	5684	Checkpt 0
  22144	    18109	        0	5684	Chkpt 1
  22144	    18234	      125	5684	Checkpt 0
  22144	    18234	        0	5684	Chkpt 1
  22144	    18250	       16	5684	Checkpt 0
  22144	    18250	        0	5684	Chkpt 1
  22144	    18250	        0	5684	Checkpt 0
  22144	    18250	        0	5684	Chkpt 1
  22144	    18265	       15	5684	Checkpt 0
  22144	    18265	        0	5684	Chkpt 1
  22144	    18265	        0	5684	Checkpt 0
  22144	    18265	        0	5684	Chkpt 1
  22144	    18265	        0	5684	Checkpt 0
  22144	    18265	        0	5684	Chkpt 1
  22144	    18281	       16	5684	Checkpt 0
  22144	    18281	        0	5684	Chkpt 1
  22144	    18281	        0	5684	Checkpt 0
  22144	    18281	        0	5684	Chkpt 1
  22144	    18296	       15	5684	Checkpt 0
  22144	    18296	        0	5684	Chkpt 1
  22144	    18296	        0	5684	Checkpt 0
  22144	    18296	        0	5684	Chkpt 1
  22144	    18312	       16	5684	Checkpt 0
  22144	    18312	        0	5684	Chkpt 1
  22144	    18312	        0	5684	Checkpt 0
  22144	    18312	        0	5684	Chkpt 1
  22144	    18328	       16	5684	Checkpt 0
  22144	    18328	        0	5684	Chkpt 1
  22144	    18328	        0	5684	Checkpt 0
  22144	    18328	        0	5684	Chkpt 1
  22144	    18343	       15	5684	Checkpt 0
  22144	    18343	        0	5684	Chkpt 1
  22144	    18343	        0	5684	Checkpt 0
  22144	    18343	        0	5684	Chkpt 1
  22144	    18359	       16	5684	Checkpt 0
  22144	    18359	        0	5684	Chkpt 1
  22144	    18359	        0	5684	Checkpt 0
  22144	    18359	        0	5684	Chkpt 1
  22144	    18375	       16	5684	Checkpt 0
  22144	    18375	        0	5684	Chkpt 1
  22144	    18390	       15	5684	Checkpt 0
  22144	    18390	        0	5684	Chkpt 1
  22144	    18390	        0	5684	Checkpt 0
  22144	    18390	        0	5684	Chkpt 1
  22144	    18406	       16	5684	Checkpt 0
  22144	    18406	        0	5684	Chkpt 1
  22144	    18406	        0	5684	Checkpt 0
  22144	    18406	        0	5684	Chkpt 1
  22144	    18421	       15	5684	Checkpt 0
  22144	    18421	        0	5684	Chkpt 1
  22144	    18421	        0	5684	Checkpt 0
  22144	    18421	        0	5684	Chkpt 1
  22144	    18437	       16	5684	Checkpt 0
  22144	    18437	        0	5684	Chkpt 1
  22144	    18437	        0	5684	Checkpt 0
  22144	    18437	        0	5684	Chkpt 1
  22144	    18453	       16	5684	Checkpt 0
  22144	    18453	        0	5684	Chkpt 1
  22144	    18453	        0	5684	Checkpt 0
  22144	    18453	        0	5684	Chkpt 1
  22144	    18468	       15	5684	Checkpt 0
  22144	    18468	        0	5684	Chkpt 1
  22144	    18468	        0	5684	Checkpt 0
  22144	    18468	        0	5684	Chkpt 1
  22144	    18468	        0	5684	Checkpt 0
  22144	    18468	        0	5684	Chkpt 1
  22144	    18484	       16	5684	Checkpt 0
  22144	    18484	        0	5684	Chkpt 1
  22144	    18500	       16	5684	Checkpt 0
  22144	    18500	        0	5684	Chkpt 1
  22144	    18515	       15	5684	Checkpt 0
  22144	    18515	        0	5684	Chkpt 1
  22144	    18515	        0	5684	Checkpt 0
  22144	    18515	        0	5684	Chkpt 1
  22144	    18531	       16	5684	Checkpt 0
  22144	    18531	        0	5684	Chkpt 1
  22144	    18531	        0	5684	Checkpt 0
  22144	    18531	        0	5684	Chkpt 1
  22144	    18546	       15	5684	Checkpt 0
  22144	    18546	        0	5684	Chkpt 1
  22144	    18546	        0	5684	Checkpt 0
  22144	    18546	        0	5684	Chkpt 1
  22144	    18562	       16	5684	Checkpt 0
  22144	    18562	        0	5684	Chkpt 1
  22144	    18562	        0	5684	Checkpt 0
  22144	    18562	        0	5684	Chkpt 1
  22144	    18578	       16	5684	Checkpt 0
  22144	    18578	        0	5684	Chkpt 1
  22144	    18578	        0	5684	Checkpt 0
  22144	    18578	        0	5684	Chkpt 1
  22144	    18687	      109	5684	Checkpt 0
  22144	    18687	        0	5684	Chkpt 1
  22144	    18687	        0	5684	Checkpt 0
  22144	    18687	        0	5684	Chkpt 1
  22144	    18703	       16	5684	Checkpt 0
  22144	    18703	        0	5684	Chkpt 1
  22144	    18703	        0	5684	Checkpt 0
  22144	    18703	        0	5684	Chkpt 1
  22144	    18718	       15	5684	Checkpt 0
  22144	    18718	        0	5684	Chkpt 1
  22144	    18718	        0	5684	Checkpt 0
  22144	    18718	        0	5684	Chkpt 1
  22144	    18734	       16	5684	Checkpt 0
  22144	    18734	        0	5684	Chkpt 1
  22144	    18734	        0	5684	Checkpt 0
  22144	    18734	        0	5684	Chkpt 1
  22144	    18750	       16	5684	Checkpt 0
  22144	    18750	        0	5684	Chkpt 1
  22144	    18750	        0	5684	Checkpt 0
  22144	    18750	        0	5684	Chkpt 1
  22144	    18875	      125	5684	Checkpt 0
  22144	    18875	        0	5684	Chkpt 1
  22144	    18875	        0	5684	Checkpt 0
  22144	    18875	        0	5684	Chkpt 1
  22144	    18875	        0	5684	Checkpt 0
  22144	    18875	        0	5684	Chkpt 1
  22144	    18890	       15	5684	Checkpt 0
  22144	    18890	        0	5684	Chkpt 1
  22144	    18890	        0	5684	Checkpt 0
  22144	    18890	        0	5684	Chkpt 1
  22144	    18906	       16	5684	Checkpt 0
  22144	    18906	        0	5684	Chkpt 1
  22144	    18906	        0	5684	Checkpt 0
  22144	    18906	        0	5684	Chkpt 1
  22144	    18921	       15	5684	Checkpt 0
  22144	    18921	        0	5684	Chkpt 1
  22144	    18921	        0	5684	Checkpt 0
  22144	    18921	        0	5684	Chkpt 1
  22144	    18937	       16	5684	Checkpt 0
  22144	    18937	        0	5684	Chkpt 1
  22144	    18937	        0	5684	Checkpt 0
  22144	    18937	        0	5684	Chkpt 1
  22144	    18953	       16	5684	Checkpt 0
  22144	    18953	        0	5684	Chkpt 1
  22144	    18953	        0	5684	Checkpt 0
  22144	    18953	        0	5684	Chkpt 1
  22144	    18968	       15	5684	Checkpt 0
  22144	    18968	        0	5684	Chkpt 1
  22144	    18968	        0	5684	Checkpt 0
  22144	    18968	        0	5684	Chkpt 1
  22144	    18984	       16	5684	Checkpt 0
  22144	    18984	        0	5684	Chkpt 1
  22144	    18984	        0	5684	Checkpt 0
  22144	    18984	        0	5684	Chkpt 1
  22144	    19000	       16	5684	Checkpt 0
  22144	    19000	        0	5684	Chkpt 1
  22144	    19000	        0	5684	Checkpt 0
  22144	    19000	        0	5684	Chkpt 1
  22144	    19000	        0	5684	Checkpt 0
  22144	    19000	        0	5684	Chkpt 1
  22144	    19015	       15	5684	Checkpt 0
  22144	    19015	        0	5684	Chkpt 1
  22144	    19015	        0	5684	Checkpt 0
  22144	    19015	        0	5684	Chkpt 1
  22144	    19031	       16	5684	Checkpt 0
  22144	    19031	        0	5684	Chkpt 1
  22144	    19031	        0	5684	Checkpt 0
  22144	    19031	        0	5684	Chkpt 1
  22144	    19046	       15	5684	Checkpt 0
  22144	    19046	        0	5684	Chkpt 1
  22144	    19046	        0	5684	Checkpt 0
  22144	    19046	        0	5684	Chkpt 1
  22144	    19062	       16	5684	Checkpt 0
  22144	    19062	        0	5684	Chkpt 1
  22144	    19062	        0	5684	Checkpt 0
  22144	    19062	        0	5684	Chkpt 1
  22144	    19078	       16	5684	Checkpt 0
  22144	    19078	        0	5684	Chkpt 1
  22144	    19078	        0	5684	Checkpt 0
  22144	    19078	        0	5684	Chkpt 1
  22144	    19093	       15	5684	Checkpt 0
  22144	    19093	        0	5684	Chkpt 1
  22144	    19093	        0	5684	Checkpt 0
  22144	    19093	        0	5684	Chkpt 1
  22144	    19109	       16	5684	Checkpt 0
  22144	    19109	        0	5684	Chkpt 1
  22144	    19109	        0	5684	Checkpt 0
  22144	    19109	        0	5684	Chkpt 1
  22144	    19125	       16	5684	Checkpt 0
  22144	    19125	        0	5684	Chkpt 1
  22144	    19125	        0	5684	Checkpt 0
  22144	    19125	        0	5684	Chkpt 1
  22144	    19140	       15	5684	Checkpt 0
  22144	    19140	        0	5684	Chkpt 1
  22144	    19140	        0	5684	Checkpt 0
  22144	    19140	        0	5684	Chkpt 1
  22144	    19156	       16	5684	Checkpt 0
  22144	    19156	        0	5684	Chkpt 1
  22144	    19156	        0	5684	Checkpt 0
  22144	    19156	        0	5684	Chkpt 1
  22144	    19171	       15	5684	Checkpt 0
  22144	    19171	        0	5684	Chkpt 1
  22144	    19171	        0	5684	Checkpt 0
  22144	    19171	        0	5684	Chkpt 1
  22144	    19187	       16	5684	Checkpt 0
  22144	    19187	        0	5684	Chkpt 1
  22144	    19187	        0	5684	Checkpt 0
  22144	    19187	        0	5684	Chkpt 1
  22144	    19203	       16	5684	Checkpt 0
  22144	    19203	        0	5684	Chkpt 1
  22144	    19203	        0	5684	Checkpt 0
  22144	    19203	        0	5684	Chkpt 1
  22144	    19218	       15	5684	Checkpt 0
  22144	    19218	        0	5684	Chkpt 1
  22144	    19218	        0	5684	Checkpt 0
  22144	    19218	        0	5684	Chkpt 1
  22144	    19218	        0	5684	Checkpt 0
  22144	    19218	        0	5684	Chkpt 1
  22144	    19234	       16	5684	Checkpt 0
  22144	    19234	        0	5684	Chkpt 1
  22144	    19234	        0	5684	Checkpt 0
  22144	    19234	        0	5684	Chkpt 1
  22144	    19250	       16	5684	Checkpt 0
  22144	    19250	        0	5684	Chkpt 1
  22144	    19250	        0	5684	Checkpt 0
  22144	    19250	        0	5684	Chkpt 1
  22144	    19265	       15	5684	Checkpt 0
  22144	    19265	        0	5684	Chkpt 1
  22144	    19265	        0	5684	Checkpt 0
  22144	    19265	        0	5684	Chkpt 1
  22144	    19281	       16	5684	Checkpt 0
  22144	    19281	        0	5684	Chkpt 1
  22144	    19281	        0	5684	Checkpt 0
  22144	    19281	        0	5684	Chkpt 1
  22144	    19296	       15	5684	Checkpt 0
  22144	    19296	        0	5684	Chkpt 1
  22144	    19296	        0	5684	Checkpt 0
  22144	    19296	        0	5684	Chkpt 1
  22144	    19312	       16	5684	Checkpt 0
  22144	    19312	        0	5684	Chkpt 1
  22144	    19312	        0	5684	Checkpt 0
  22144	    19312	        0	5684	Chkpt 1
  22144	    19328	       16	5684	Checkpt 0
  22144	    19328	        0	5684	Chkpt 1
  22144	    19328	        0	5684	Checkpt 0
  22144	    19328	        0	5684	Chkpt 1
  22144	    19343	       15	5684	Checkpt 0
  22144	    19343	        0	5684	Chkpt 1
  22144	    19343	        0	5684	Checkpt 0
  22144	    19343	        0	5684	Chkpt 1
  22144	    19359	       16	5684	Checkpt 0
  22144	    19359	        0	5684	Chkpt 1
  22144	    19359	        0	5684	Checkpt 0
  22144	    19359	        0	5684	Chkpt 1
  22144	    19375	       16	5684	Checkpt 0
  22144	    19375	        0	5684	Chkpt 1
  22144	    19375	        0	5684	Checkpt 0
  22144	    19375	        0	5684	Chkpt 1
  22144	    19375	        0	5684	Checkpt 0
  22144	    19375	        0	5684	Chkpt 1
  22144	    19390	       15	5684	Checkpt 0
  22144	    19390	        0	5684	Chkpt 1
  22144	    19406	       16	5684	Checkpt 0
  22144	    19406	        0	5684	Chkpt 1
  22144	    19406	        0	5684	Checkpt 0
  22144	    19406	        0	5684	Chkpt 1
  22144	    19406	        0	5684	Checkpt 0
  22144	    19406	        0	5684	Chkpt 1
  22144	    19421	       15	5684	Checkpt 0
  22144	    19421	        0	5684	Chkpt 1
  22144	    19421	        0	5684	Checkpt 0
  22144	    19421	        0	5684	Chkpt 1
  22144	    19437	       16	5684	Checkpt 0
  22144	    19437	        0	5684	Chkpt 1
  22144	    19437	        0	5684	Checkpt 0
  22144	    19437	        0	5684	Chkpt 1
  22144	    19453	       16	5684	Checkpt 0
  22144	    19453	        0	5684	Chkpt 1
  22144	    19453	        0	5684	Checkpt 0
  22144	    19453	        0	5684	Chkpt 1
  22144	    19468	       15	5684	Checkpt 0
  22144	    19468	        0	5684	Chkpt 1
  22144	    19468	        0	5684	Checkpt 0
  22144	    19468	        0	5684	Chkpt 1
  22144	    19484	       16	5684	Checkpt 0
  22144	    19484	        0	5684	Chkpt 1
  22144	    19484	        0	5684	Checkpt 0
  22144	    19484	        0	5684	Chkpt 1
  22144	    19500	       16	5684	Checkpt 0
  22144	    19500	        0	5684	Chkpt 1
  22144	    19500	        0	5684	Checkpt 0
  22144	    19500	        0	5684	Chkpt 1
  22144	    19515	       15	5684	Checkpt 0
  22144	    19515	        0	5684	Chkpt 1
  22144	    19515	        0	5684	Checkpt 0
  22144	    19515	        0	5684	Chkpt 1
  22144	    19531	       16	5684	Checkpt 0
  22144	    19531	        0	5684	Chkpt 1
  22144	    19531	        0	5684	Checkpt 0
  22144	    19531	        0	5684	Chkpt 1
  22144	    19546	       15	5684	Checkpt 0
  22144	    19546	        0	5684	Chkpt 1
  22144	    19546	        0	5684	Checkpt 0
  22144	    19546	        0	5684	Chkpt 1
  22144	    19562	       16	5684	Checkpt 0
  22144	    19562	        0	5684	Chkpt 1
  22144	    19562	        0	5684	Checkpt 0
  22144	    19562	        0	5684	Chkpt 1
  22144	    19578	       16	5684	Checkpt 0
  22144	    19578	        0	5684	Chkpt 1
  22144	    19578	        0	5684	Checkpt 0
  22144	    19578	        0	5684	Chkpt 1
  22144	    19593	       15	5684	Checkpt 0
  22144	    19593	        0	5684	Chkpt 1
  22144	    19640	       47	5684	Checkpt 0
  22144	    19640	        0	5684	Chkpt 1
  22144	    19640	        0	5684	Checkpt 0
  22144	    19640	        0	5684	Chkpt 1
  22144	    19656	       16	5684	Checkpt 0
  22144	    19656	        0	5684	Chkpt 1
  22144	    19656	        0	5684	Checkpt 0
  22144	    19656	        0	5684	Chkpt 1
  22144	    19671	       15	5684	Checkpt 0
  22144	    19671	        0	5684	Chkpt 1
  22144	    19750	       79	5684	Checkpt 0
  22144	    19750	        0	5684	Chkpt 1
  22144	    19765	       15	5684	Checkpt 0
  22144	    19765	        0	5684	Chkpt 1
  22144	    19765	        0	5684	Checkpt 0
  22144	    19765	        0	5684	Chkpt 1
  22144	    19781	       16	5684	Checkpt 0
  22144	    19781	        0	5684	Chkpt 1
  22144	    20015	      234	5684	Checkpt 0
  22144	    20015	        0	5684	Chkpt 1
  22144	    20015	        0	5684	Checkpt 0
  22144	    20015	        0	5684	Chkpt 1
  22144	    20046	       31	5684	Checkpt 0
  22144	    20046	        0	5684	Chkpt 1
  22144	    20078	       32	5684	Checkpt 0
  22144	    20078	        0	5684	Chkpt 1
  22144	    20093	       15	5684	Checkpt 0
  22144	    20093	        0	5684	Chkpt 1
  22144	    20109	       16	5684	Checkpt 0
  22144	    20109	        0	5684	Chkpt 1
  22144	    20125	       16	5684	Checkpt 0
  22144	    20125	        0	5684	Chkpt 1
  22144	    20125	        0	5684	Checkpt 0
  22144	    20125	        0	5684	Chkpt 1
  22144	    20140	       15	5684	Checkpt 0
  22144	    20140	        0	5684	Chkpt 1
  22144	    20265	      125	5684	Checkpt 0
  22144	    20265	        0	5684	Chkpt 1
  22144	    20281	       16	5684	Checkpt 0
  22144	    20281	        0	5684	Chkpt 1
  22144	    20281	        0	5684	Checkpt 0
  22144	    20281	        0	5684	Chkpt 1
  22144	    20296	       15	5684	Checkpt 0
  22144	    20296	        0	5684	Chkpt 1
  22144	    20296	        0	5684	Checkpt 0
  22144	    20296	        0	5684	Chkpt 1
  22144	    20312	       16	5684	Checkpt 0
  22144	    20312	        0	5684	Chkpt 1
  22144	    20312	        0	5684	Checkpt 0
  22144	    20312	        0	5684	Chkpt 1
  22144	    20343	       31	5684	Checkpt 0
  22144	    20343	        0	5684	Chkpt 1
  22144	    20468	      125	5684	Checkpt 0
  22144	    20468	        0	5684	Chkpt 1
  22144	    20468	        0	5684	Checkpt 0
  22144	    20468	        0	5684	Chkpt 1
  22144	    20484	       16	5684	Checkpt 0
  22144	    20484	        0	5684	Chkpt 1
  22144	    20531	       47	5684	Checkpt 0
  22144	    20531	        0	5684	Chkpt 1
  22144	    20609	       78	5684	Checkpt 0
  22144	    20609	        0	5684	Chkpt 1
  22144	    20609	        0	5684	Checkpt 0
  22144	    20609	        0	5684	Chkpt 1
  22144	    20640	       31	5684	Checkpt 0
  22144	    20640	        0	5684	Chkpt 1
  22144	    20640	        0	5684	Checkpt 0
  22144	    20640	        0	5684	Chkpt 1
  22144	    20734	       94	5684	Checkpt 0
  22144	    20734	        0	5684	Chkpt 1
  22144	    20765	       31	5684	Checkpt 0
  22144	    20765	        0	5684	Chkpt 1
  22144	    20781	       16	5684	Checkpt 0
  22144	    20781	        0	5684	Chkpt 1
  22144	    20875	       94	5684	Checkpt 0
  22144	    20875	        0	5684	Chkpt 1
  22144	    20984	      109	5684	Checkpt 0
  22144	    20984	        0	5684	Chkpt 1
  22144	    21093	      109	5684	Checkpt 0
  22144	    21093	        0	5684	Chkpt 1
  22144	    21203	      110	5684	Checkpt 0
  22144	    21203	        0	5684	Chkpt 1
  22144	    21203	        0	5684	Checkpt 0
  22144	    21203	        0	5684	Chkpt 1
  22144	    21218	       15	5684	Checkpt 0
  22144	    21218	        0	5684	Chkpt 1
  22144	    21218	        0	5684	Checkpt 0
  22144	    21218	        0	5684	Chkpt 1
  22144	    21234	       16	5684	Checkpt 0
  22144	    21234	        0	5684	Chkpt 1
  22144	    21234	        0	5684	Checkpt 0
  22144	    21234	        0	5684	Chkpt 1
  22144	    21250	       16	5684	Checkpt 0
  22144	    21250	        0	5684	Chkpt 1
  22144	    21250	        0	5684	Checkpt 0
  22144	    21250	        0	5684	Chkpt 1
  22144	    21265	       15	5684	Checkpt 0
  22144	    21265	        0	5684	Chkpt 1
  22144	    21265	        0	5684	Checkpt 0
  22144	    21265	        0	5684	Chkpt 1
  22144	    21281	       16	5684	Checkpt 0
  22144	    21281	        0	5684	Chkpt 1
  22144	    21281	        0	5684	Checkpt 0
  22144	    21281	        0	5684	Chkpt 1
  22144	    21296	       15	5684	Checkpt 0
  22144	    21296	        0	5684	Chkpt 1
  22144	    21312	       16	5684	Checkpt 0
  22144	    21312	        0	5684	Chkpt 1
  22144	    21312	        0	5684	Checkpt 0
  22144	    21312	        0	5684	Chkpt 1
  22144	    21328	       16	5684	Checkpt 0
  22144	    21328	        0	5684	Chkpt 1
  22144	    21343	       15	5684	Checkpt 0
  22144	    21343	        0	5684	Chkpt 1
  22144	    21375	       32	5684	Checkpt 0
  22144	    21375	        0	5684	Chkpt 1
  22144	    21375	        0	5684	Checkpt 0
  22144	    21375	        0	5684	Chkpt 1
  22144	    21390	       15	5684	Checkpt 0
  22144	    21390	        0	5684	Chkpt 1
  22144	    21390	        0	5684	Checkpt 0
  22144	    21390	        0	5684	Chkpt 1
  22144	    21406	       16	5684	Checkpt 0
  22144	    21406	        0	5684	Chkpt 1
  22144	    21421	       15	5684	Checkpt 0
  22144	    21421	        0	5684	Chkpt 1
  22144	    21421	        0	5684	Checkpt 0
  22144	    21421	        0	5684	Chkpt 1
  22144	    21437	       16	5684	Checkpt 0
  22144	    21437	        0	5684	Chkpt 1
  22144	    21437	        0	5684	Checkpt 0
  22144	    21437	        0	5684	Chkpt 1
  22144	    21453	       16	5684	Checkpt 0
  22144	    21453	        0	5684	Chkpt 1
  22144	    21453	        0	5684	Checkpt 0
  22144	    21453	        0	5684	Chkpt 1
  22144	    21468	       15	5684	Checkpt 0
  22144	    21468	        0	5684	Chkpt 1
  22144	    21468	        0	5684	Checkpt 0
  22144	    21468	        0	5684	Chkpt 1
  22144	    21515	       47	5684	Checkpt 0
  22144	    21515	        0	5684	Chkpt 1
  22144	    21531	       16	5684	Checkpt 0
  22144	    21531	        0	5684	Chkpt 1
  22144	    21546	       15	5684	Checkpt 0
  22144	    21546	        0	5684	Chkpt 1
  22144	    21546	        0	5684	Checkpt 0
  22144	    21546	        0	5684	Chkpt 1
  22144	    21562	       16	5684	Checkpt 0
  22144	    21562	        0	5684	Chkpt 1
  22144	    21578	       16	5684	Checkpt 0
  22144	    21578	        0	5684	Chkpt 1
  22144	    21593	       15	5684	Checkpt 0
  22144	    21593	        0	5684	Chkpt 1
  22144	    21609	       16	5684	Checkpt 0
  22144	    21609	        0	5684	Chkpt 1
  22144	    21609	        0	5684	Checkpt 0
  22144	    21609	        0	5684	Chkpt 1
  22144	    21625	       16	5684	Checkpt 0
  22144	    21625	        0	5684	Chkpt 1
  22144	    21625	        0	5684	Checkpt 0
  22144	    21625	        0	5684	Chkpt 1
  22144	    21656	       31	5684	Checkpt 0
  22144	    21656	        0	5684	Chkpt 1
  22144	    21656	        0	5684	Checkpt 0
  22144	    21656	        0	5684	Chkpt 1
  22144	    21671	       15	5684	Checkpt 0
  22144	    21671	        0	5684	Chkpt 1
  22144	    21671	        0	5684	Checkpt 0
  22144	    21671	        0	5684	Chkpt 1
  22144	    21687	       16	5684	Checkpt 0
  22144	    21687	        0	5684	Chkpt 1
  22144	    21703	       16	5684	Checkpt 0
  22144	    21703	        0	5684	Chkpt 1
  22144	    21734	       31	5684	Checkpt 0
  22144	    21734	        0	5684	Chkpt 1
  22144	    21750	       16	5684	Checkpt 0
  22144	    21750	        0	5684	Chkpt 1
  22144	    21765	       15	5684	Checkpt 0
  22144	    21765	        0	5684	Chkpt 1
  22144	    21812	       47	5684	Checkpt 0
  22144	    21812	        0	5684	Chkpt 1
  22144	    21828	       16	5684	Checkpt 0
  22144	    21828	        0	5684	Chkpt 1
  22144	    21828	        0	5684	Checkpt 0
  22144	    21828	        0	5684	Chkpt 1
  22144	    21859	       31	5684	Checkpt 0
  22144	    21859	        0	5684	Chkpt 1
  22144	    21906	       47	5684	Checkpt 0
  22144	    21906	        0	5684	Chkpt 1
  22144	    21921	       15	5684	Checkpt 0
  22144	    21921	        0	5684	Chkpt 1
  22144	    21921	        0	5684	Checkpt 0
  22144	    21921	        0	5684	Chkpt 1
  22144	    21937	       16	5684	Checkpt 0
  22144	    21937	        0	5684	Chkpt 1
  22144	    21953	       16	5684	Checkpt 0
  22144	    21953	        0	5684	Chkpt 1
  22144	    21968	       15	5684	Checkpt 0
  22144	    21968	        0	5684	Chkpt 1
  22144	    22062	       94	5684	Checkpt 0
  22144	    22062	        0	5684	Chkpt 1
  22144	    22171	      109	5684	Checkpt 0
  22144	    22171	        0	5684	Chkpt 1
  22144	    22343	      172	5684	Checkpt 0
  22144	    22343	        0	5684	Chkpt 1
  22144	    22484	      141	5684	Checkpt 0
  22144	    22484	        0	5684	Chkpt 1
  22144	    22484	        0	5684	Checkpt 0
  22144	    22484	        0	5684	Chkpt 1
  22144	    22500	       16	5684	Checkpt 0
  22144	    22500	        0	5684	Chkpt 1
  22144	    22515	       15	5684	Checkpt 0
  22144	    22515	        0	5684	Chkpt 1
  22144	    22515	        0	5684	Checkpt 0
  22144	    22515	        0	5684	Chkpt 1
  22144	    22531	       16	5684	Checkpt 0
  22144	    22531	        0	5684	Chkpt 1
  22144	    22531	        0	5684	Checkpt 0
  22144	    22531	        0	5684	Chkpt 1
  22144	    22546	       15	5684	Checkpt 0
  22144	    22546	        0	5684	Chkpt 1
  22144	    22546	        0	5684	Checkpt 0
  22144	    22546	        0	5684	Chkpt 1
  22144	    22562	       16	5684	Checkpt 0
  22144	    22562	        0	5684	Chkpt 1
  22144	    22562	        0	5684	Checkpt 0
  22144	    22562	        0	5684	Chkpt 1
  22144	    22578	       16	5684	Checkpt 0
  22144	    22578	        0	5684	Chkpt 1
  22144	    22578	        0	5684	Checkpt 0
  22144	    22578	        0	5684	Chkpt 1
  22144	    22578	        0	5684	Checkpt 0
  22144	    22578	        0	5684	Chkpt 1
  22144	    22593	       15	5684	Checkpt 0
  22144	    22593	        0	5684	Chkpt 1
  22144	    22593	        0	5684	Checkpt 0
  22144	    22593	        0	5684	Chkpt 1
  22144	    22609	       16	5684	Checkpt 0
  22144	    22609	        0	5684	Chkpt 1
  22144	    22609	        0	5684	Checkpt 0
  22144	    22609	        0	5684	Chkpt 1
  22144	    22625	       16	5684	Checkpt 0
  22144	    22625	        0	5684	Chkpt 1
  22144	    22625	        0	5684	Checkpt 0
  22144	    22625	        0	5684	Chkpt 1
  22144	    22640	       15	5684	Checkpt 0
  22144	    22640	        0	5684	Chkpt 1
  22144	    22640	        0	5684	Checkpt 0
  22144	    22640	        0	5684	Chkpt 1
  22144	    22656	       16	5684	Checkpt 0
  22144	    22656	        0	5684	Chkpt 1
  22144	    22656	        0	5684	Checkpt 0
  22144	    22656	        0	5684	Chkpt 1
  22144	    22671	       15	5684	Checkpt 0
  22144	    22671	        0	5684	Chkpt 1
  22144	    22671	        0	5684	Checkpt 0
  22144	    22671	        0	5684	Chkpt 1
  22144	    22687	       16	5684	Checkpt 0
  22144	    22687	        0	5684	Chkpt 1
  22144	    22687	        0	5684	Checkpt 0
  22144	    22687	        0	5684	Chkpt 1
  22144	    22718	       31	5684	Checkpt 0
  22144	    22718	        0	5684	Chkpt 1
  22144	    22796	       78	5684	Checkpt 0
  22144	    22796	        0	5684	Chkpt 1
  22144	    22859	       63	5684	Checkpt 0
  22144	    22859	        0	5684	Chkpt 1
  22144	    22859	        0	5684	Checkpt 0
  22144	    22859	        0	5684	Chkpt 1
  22144	    22875	       16	5684	Checkpt 0
  22144	    22875	        0	5684	Chkpt 1
  22144	    22875	        0	5684	Checkpt 0
  22144	    22875	        0	5684	Chkpt 1
  22144	    22890	       15	5684	Checkpt 0
  22144	    22890	        0	5684	Chkpt 1
  22144	    22890	        0	5684	Checkpt 0
  22144	    22890	        0	5684	Chkpt 1
  22144	    22906	       16	5684	Checkpt 0
  22144	    22906	        0	5684	Chkpt 1
  22144	    22906	        0	5684	Checkpt 0
  22144	    22906	        0	5684	Chkpt 1
  22144	    22921	       15	5684	Checkpt 0
  22144	    22921	        0	5684	Chkpt 1
  22144	    22921	        0	5684	Checkpt 0
  22144	    22921	        0	5684	Chkpt 1
  22144	    22921	        0	5684	Checkpt 0
  22144	    22921	        0	5684	Chkpt 1
  22144	    22937	       16	5684	Checkpt 0
  22144	    22937	        0	5684	Chkpt 1
  22144	    22937	        0	5684	Checkpt 0
  22144	    22937	        0	5684	Chkpt 1
  22144	    22953	       16	5684	Checkpt 0
  22144	    22953	        0	5684	Chkpt 1
  22144	    22953	        0	5684	Checkpt 0
  22144	    22953	        0	5684	Chkpt 1
  22144	    22968	       15	5684	Checkpt 0
  22144	    22968	        0	5684	Chkpt 1
  22144	    22968	        0	5684	Checkpt 0
  22144	    22968	        0	5684	Chkpt 1
  22144	    22984	       16	5684	Checkpt 0
  22144	    22984	        0	5684	Chkpt 1
  22144	    22984	        0	5684	Checkpt 0
  22144	    22984	        0	5684	Chkpt 1
  22144	    23000	       16	5684	Checkpt 0
  22144	    23000	        0	5684	Chkpt 1
  22144	    23000	        0	5684	Checkpt 0
  22144	    23000	        0	5684	Chkpt 1
  22144	    23015	       15	5684	Checkpt 0
  22144	    23015	        0	5684	Chkpt 1
  22144	    23015	        0	5684	Checkpt 0
  22144	    23015	        0	5684	Chkpt 1
  22144	    23031	       16	5684	Checkpt 0
  22144	    23031	        0	5684	Chkpt 1
  22144	    23031	        0	5684	Checkpt 0
  22144	    23031	        0	5684	Chkpt 1
  22144	    23046	       15	5684	Checkpt 0
  22144	    23046	        0	5684	Chkpt 1
  22144	    23046	        0	5684	Checkpt 0
  22144	    23046	        0	5684	Chkpt 1
  22144	    23062	       16	5684	Checkpt 0
  22144	    23062	        0	5684	Chkpt 1
  22144	    23062	        0	5684	Checkpt 0
  22144	    23062	        0	5684	Chkpt 1
  22144	    23078	       16	5684	Checkpt 0
  22144	    23078	        0	5684	Chkpt 1
  22144	    23078	        0	5684	Checkpt 0
  22144	    23078	        0	5684	Chkpt 1
  22144	    23093	       15	5684	Checkpt 0
  22144	    23093	        0	5684	Chkpt 1
  22144	    23093	        0	5684	Checkpt 0
  22144	    23093	        0	5684	Chkpt 1
  22144	    23109	       16	5684	Checkpt 0
  22144	    23109	        0	5684	Chkpt 1
  22144	    23109	        0	5684	Checkpt 0
  22144	    23109	        0	5684	Chkpt 1
  22144	    23109	        0	5684	Checkpt 0
  22144	    23109	        0	5684	Chkpt 1
  22144	    23125	       16	5684	Checkpt 0
  22144	    23125	        0	5684	Chkpt 1
  22144	    23140	       15	5684	Checkpt 0
  22144	    23140	        0	5684	Chkpt 1
  22144	    23140	        0	5684	Checkpt 0
  22144	    23140	        0	5684	Chkpt 1
  22144	    23140	        0	5684	Checkpt 0
  22144	    23140	        0	5684	Chkpt 1
  22144	    23156	       16	5684	Checkpt 0
  22144	    23156	        0	5684	Chkpt 1
  22144	    23156	        0	5684	Checkpt 0
  22144	    23156	        0	5684	Chkpt 1
  22144	    23171	       15	5684	Checkpt 0
  22144	    23171	        0	5684	Chkpt 1
  22144	    23171	        0	5684	Checkpt 0
  22144	    23171	        0	5684	Chkpt 1
  22144	    23187	       16	5684	Checkpt 0
  22144	    23187	        0	5684	Chkpt 1
  22144	    23187	        0	5684	Checkpt 0
  22144	    23187	        0	5684	Chkpt 1
  22144	    23203	       16	5684	Checkpt 0
  22144	    23203	        0	5684	Chkpt 1
  22144	    23203	        0	5684	Checkpt 0
  22144	    23203	        0	5684	Chkpt 1
  22144	    23218	       15	5684	Checkpt 0
  22144	    23218	        0	5684	Chkpt 1
  22144	    23218	        0	5684	Checkpt 0
  22144	    23218	        0	5684	Chkpt 1
  22144	    23234	       16	5684	Checkpt 0
  22144	    23234	        0	5684	Chkpt 1
  22144	    23234	        0	5684	Checkpt 0
  22144	    23234	        0	5684	Chkpt 1
  22144	    23250	       16	5684	Checkpt 0
  22144	    23250	        0	5684	Chkpt 1
  22144	    23250	        0	5684	Checkpt 0
  22144	    23250	        0	5684	Chkpt 1
  22144	    23265	       15	5684	Checkpt 0
  22144	    23265	        0	5684	Chkpt 1
  22144	    23265	        0	5684	Checkpt 0
  22144	    23265	        0	5684	Chkpt 1
  22144	    23281	       16	5684	Checkpt 0
  22144	    23281	        0	5684	Chkpt 1
  22144	    23281	        0	5684	Checkpt 0
  22144	    23281	        0	5684	Chkpt 1
  22144	    23296	       15	5684	Checkpt 0
  22144	    23296	        0	5684	Chkpt 1
  22144	    23296	        0	5684	Checkpt 0
  22144	    23296	        0	5684	Chkpt 1
  22144	    23312	       16	5684	Checkpt 0
  22144	    23312	        0	5684	Chkpt 1
  22144	    23312	        0	5684	Checkpt 0
  22144	    23312	        0	5684	Chkpt 1
  22144	    23328	       16	5684	Checkpt 0
  22144	    23328	        0	5684	Chkpt 1
  22144	    23328	        0	5684	Checkpt 0
  22144	    23328	        0	5684	Chkpt 1
  22144	    23328	        0	5684	Checkpt 0
  22144	    23328	        0	5684	Chkpt 1
  22144	    23375	       47	5684	Checkpt 0
  22144	    23375	        0	5684	Chkpt 1
  22144	    23375	        0	5684	Checkpt 0
  22144	    23375	        0	5684	Chkpt 1
  22144	    23421	       46	5684	Checkpt 0
  22144	    23421	        0	5684	Chkpt 1
  22144	    23437	       16	5684	Checkpt 0
  22144	    23437	        0	5684	Chkpt 1
  22144	    23437	        0	5684	Checkpt 0
  22144	    23437	        0	5684	Chkpt 1
  22144	    23453	       16	5684	Checkpt 0
  22144	    23453	        0	5684	Chkpt 1
  22144	    23468	       15	5684	Checkpt 0
  22144	    23468	        0	5684	Chkpt 1
  22144	    23468	        0	5684	Checkpt 0
  22144	    23468	        0	5684	Chkpt 1
  22144	    23484	       16	5684	Checkpt 0
  22144	    23484	        0	5684	Chkpt 1
  22144	    23500	       16	5684	Checkpt 0
  22144	    23500	        0	5684	Chkpt 1
  22144	    23531	       31	5684	Checkpt 0
  22144	    23531	        0	5684	Chkpt 1
  22144	    23562	       31	5684	Checkpt 0
  22144	    23562	        0	5684	Chkpt 1
  22144	    23734	      172	5684	Checkpt 0
  22144	    23734	        0	5684	Chkpt 1
  22144	    23765	       31	5684	Checkpt 0
  22144	    23765	        0	5684	Chkpt 1
  22144	    23781	       16	5684	Checkpt 0
  22144	    23781	        0	5684	Chkpt 1
  22144	    23828	       47	5684	Checkpt 0
  22144	    23828	        0	5684	Chkpt 1
  22144	    23843	       15	5684	Checkpt 0
  22144	    23843	        0	5684	Chkpt 1
  22144	    23843	        0	5684	Checkpt 0
  22144	    23843	        0	5684	Chkpt 1
  22144	    23859	       16	5684	Checkpt 0
  22144	    23859	        0	5684	Chkpt 1
  22144	    23859	        0	5684	Checkpt 0
  22144	    23859	        0	5684	Chkpt 1
  22144	    23875	       16	5684	Checkpt 0
  22144	    23875	        0	5684	Chkpt 1
  22144	    23875	        0	5684	Checkpt 0
  22144	    23875	        0	5684	Chkpt 1
  22144	    23890	       15	5684	Checkpt 0
  22144	    23890	        0	5684	Chkpt 1
  22144	    23890	        0	5684	Checkpt 0
  22144	    23890	        0	5684	Chkpt 1
  22144	    23921	       31	5684	Checkpt 0
  22144	    23921	        0	5684	Chkpt 1
  22144	    23921	        0	5684	Checkpt 0
  22144	    23921	        0	5684	Chkpt 1
  22144	    23937	       16	5684	Checkpt 0
  22144	    23937	        0	5684	Chkpt 1
  22144	    23937	        0	5684	Checkpt 0
  22144	    23937	        0	5684	Chkpt 1
  22144	    23937	        0	5684	Checkpt 0
  22144	    23937	        0	5684	Chkpt 1
  22144	    23953	       16	5684	Checkpt 0
  22144	    23953	        0	5684	Chkpt 1
  22144	    23953	        0	5684	Checkpt 0
  22144	    23953	        0	5684	Chkpt 1
  22144	    23968	       15	5684	Checkpt 0
  22144	    23968	        0	5684	Chkpt 1
  22144	    23968	        0	5684	Checkpt 0
  22144	    23968	        0	5684	Chkpt 1
  22144	    23984	       16	5684	Checkpt 0
  22144	    23984	        0	5684	Chkpt 1
  22144	    23984	        0	5684	Checkpt 0
  22144	    23984	        0	5684	Chkpt 1
  22144	    24000	       16	5684	Checkpt 0
  22144	    24000	        0	5684	Chkpt 1
  22144	    24000	        0	5684	Checkpt 0
  22144	    24000	        0	5684	Chkpt 1
  22144	    24015	       15	5684	Checkpt 0
  22144	    24015	        0	5684	Chkpt 1
  22144	    24015	        0	5684	Checkpt 0
  22144	    24015	        0	5684	Chkpt 1
  22144	    24031	       16	5684	Checkpt 0
  22144	    24031	        0	5684	Chkpt 1
  22144	    24031	        0	5684	Checkpt 0
  22144	    24031	        0	5684	Chkpt 1
  22144	    24046	       15	5684	Checkpt 0
  22144	    24046	        0	5684	Chkpt 1
  22144	    24046	        0	5684	Checkpt 0
  22144	    24046	        0	5684	Chkpt 1
  22144	    24062	       16	5684	Checkpt 0
  22144	    24062	        0	5684	Chkpt 1
  22144	    24062	        0	5684	Checkpt 0
  22144	    24062	        0	5684	Chkpt 1
  22144	    24078	       16	5684	Checkpt 0
  22144	    24078	        0	5684	Chkpt 1
  22144	    24078	        0	5684	Checkpt 0
  22144	    24078	        0	5684	Chkpt 1
  22144	    24078	        0	5684	Checkpt 0
  22144	    24078	        0	5684	Chkpt 1
  22144	    24093	       15	5684	Checkpt 0
  22144	    24093	        0	5684	Chkpt 1
  22144	    24203	      110	5684	Checkpt 0
  22144	    24203	        0	5684	Chkpt 1
  22144	    24343	      140	5684	Checkpt 0
  22144	    24343	        0	5684	Chkpt 1
   2348	        0	        0	3b3c	D:\usr\bin\OriginLab\Origin2024\
   2348	        0	        0	3b3c	PlatformId = 2,   MajorVersion = 10,  MinorVersion = 0
   2348	        0	        0	3b3c	ServicePackMajor = 0,   ServicePackMinor = 0
   2348	        0	        0	3b3c	64 bits
   2348	      110	      110	3b3c	CrashRpt|bIsCrashRptEnabled: 1
   2348	      110	        0	3b3c	I0001
   2348	      110	        0	3b3c	I0002
   2348	      110	        0	3b3c	AI0
   2348	      110	        0	3b3c	AI1:0
   2348	      110	        0	3b3c	10.1.0  b178
   2348	      110	        0	3b3c	Buld Time:  Dec  6 2023  12:02:41
   2348	      110	        0	3b3c	@LOG = 9
   2348	      110	        0	3b3c	EOLOG 1
   2348	      110	        0	3b3c	EOLOG 2
   2348	      110	        0	3b3c	Scope begin: okfxSGIP
   2348	      110	        0	3b3c	okfxSGIP: File is 
   2348	      110	        0	3b3c	EOLOG 4
   2348	      110	        0	3b3c	CML: 
   2348	      110	        0	3b3c	EOLOG 5
   2348	      110	        0	3b3c	EOLOG 6
   2348	      110	        0	3b3c	EOLOG 6 VBNA
   2348	      110	        0	3b3c	EL+*L+ C:\ProgramData\OriginLab\osn.dat
   2348	      125	       15	3b3c	Scope begin: okfxSGIP
   2348	      125	        0	3b3c	okfxSGIP: 1 
   2348	      125	        0	3b3c	okfxSGIP: 2 Empty
   2348	      125	        0	3b3c	okfxSGIP: 5 D:\usr\bin\OriginLab\Origin2024\
   2348	      125	        0	3b3c	okfxSGIP: 6 
   2348	      125	        0	3b3c	okfxSGIP: 7 
   2348	      125	        0	3b3c	okfxSGIP: 10, First Run 0
   2348	      125	        0	3b3c	Scope begin: isinipr
   2348	      125	        0	3b3c	isinipr: 2 D:\home\wxss\GitProject\MathCodes\OriginLab\User Files\
   2348	      141	       16	3b3c	okfxSGIP: 11, Path From Reg 0
   2348	      141	        0	3b3c	okfxSGIP: 12 D:\home\wxss\GitProject\MathCodes\OriginLab\User Files\
   2348	      141	        0	3b3c	okfxSGIP: 13
   2348	      141	        0	3b3c	okfxSGIP: 14 OriginLab\User Files\
   2348	      157	       16	3b3c	okfxSGIP: 28 0
   2348	      157	        0	3b3c	okfxSGIP: 29 D:\home\wxss\GitProject\MathCodes\OriginLab\User Files\
   2348	      157	        0	3b3c	okfxSGIP: 32, Returning 0
   2348	      157	        0	3b3c	EOLOG 7
   2348	      157	        0	3b3c	EOLOG 8
   2348	      157	        0	3b3c	OLOG 1
   2348	      157	        0	3b3c	OLOG 2
   2348	      172	       15	3b3c	aacl0
   2348	      172	        0	3b3c	11827
   2348	      188	       16	3b3c	CS: 41
   2348	      188	        0	3b3c	CS: 41
   2348	      188	        0	3b3c	CS: 41
   2348	      188	        0	3b3c	CS: 31
   2348	      188	        0	3b3c	CS: 51
   2348	      204	       16	3b3c	CS: 21
   2348	      204	        0	3b3c	2348
   2348	      204	        0	3b3c	OLOG 3
   2348	      219	       15	3b3c	OLOG 4
   2348	      219	        0	3b3c	OLOG 5
   2348	      219	        0	3b3c	OLOG 9
   2348	      219	        0	3b3c	OLOG 10
   2348	      219	        0	3b3c	OLOG 11
   2348	      219	        0	3b3c	OLOG 12
   2348	      219	        0	3b3c	OSS-1
   2348	      250	       31	3b3c	OLOG 12
   2348	      250	        0	3b3c	76982
   2348	      250	        0	3b3c	293
   2348	      266	       16	3b3c	294
   2348	      313	       47	3b3c	295
   2348	     2500	     2187	3b3c	295-
   2348	     2500	        0	3b3c	295+
   2348	     2500	        0	3b3c	1957
   2348	     2500	        0	3b3c	3457
   2348	     2500	        0	3b3c	3458
   2348	     2922	      422	3b3c	323457
   2348	     2922	        0	3b3c	LRS: 0
   2348	     2954	       32	3b3c	07845
   2348	     3860	      906	3b3c	0021
   2348	     3860	        0	3b3c	0022
   2348	     3860	        0	3b3c	0023
   2348	     3891	       31	3b3c	IIE
   2348	     3891	        0	3b3c	EL+ 0
   2348	     3891	        0	3b3c	EL+ 1
   2348	     3891	        0	3b3c	EL+ 2
   2348	     3891	        0	3b3c	EL+ 3
   2348	     3891	        0	3b3c	EL+ 4
   2348	     3891	        0	3b3c	EL+ 5
   2348	     3938	       47	3b3c	EL+ 6
   2348	     3938	        0	3b3c	EL+ 7
   2348	     3938	        0	3b3c	EL+ 8
   2348	     3938	        0	3b3c	EL+ 9
   2348	     3938	        0	3b3c	id=
   2348	     3969	       31	53d0	CS: 10
   2348	     3985	       16	53d0	CS: 10
   2348	     3985	        0	53d0	CS: 50
   2348	     4563	      578	3b3c	Checkpt 0
   2348	     4563	        0	3b3c	Checkpt PM
   2348	     4704	      141	3b3c	CS: 10
   2348	     4704	        0	3b3c	CS: 50
   2348	     4704	        0	3b3c	CS: 10
   2348	     4704	        0	3b3c	CS: 50
   2348	     4704	        0	3b3c	Checkpt 0
   2348	     4704	        0	3b3c	Checkpt 6
   2348	     4704	        0	3b3c	Checkpt 0
   2348	     4704	        0	3b3c	Chkpt 1
   2348	     4735	       31	3b3c	Checkpt 0
   2348	     4735	        0	3b3c	Chkpt 1
   2348	     4766	       31	3b3c	Checkpt 0
   2348	     4766	        0	3b3c	Chkpt 1
   2348	     4782	       16	3b3c	Checkpt 0
   2348	     4782	        0	3b3c	Chkpt 1
   2348	     5000	      218	3b3c	Checkpt 0
   2348	     5000	        0	3b3c	Chkpt 1
   2348	     5032	       32	3b3c	Checkpt 0
   2348	     5032	        0	3b3c	Chkpt 1
   2348	     5079	       47	3b3c	Checkpt 0
   2348	     5079	        0	3b3c	Chkpt 1
   2348	     5094	       15	3b3c	Checkpt 0
   2348	     5094	        0	3b3c	Chkpt 1
   2348	     5094	        0	3b3c	Checkpt 0
   2348	     5094	        0	3b3c	Chkpt 1
   2348	     5110	       16	3b3c	Checkpt 0
   2348	     5110	        0	3b3c	Chkpt 1
   2348	     5110	        0	3b3c	Checkpt 0
   2348	     5110	        0	3b3c	Chkpt 1
   2348	     5125	       15	3b3c	Checkpt 0
   2348	     5125	        0	3b3c	Chkpt 1
   2348	     5125	        0	3b3c	Checkpt 0
   2348	     5125	        0	3b3c	Chkpt 1
   2348	     5141	       16	3b3c	Checkpt 0
   2348	     5141	        0	3b3c	Chkpt 1
   2348	     5141	        0	3b3c	Checkpt 0
   2348	     5141	        0	3b3c	Chkpt 1
   2348	     5141	        0	3b3c	Checkpt 0
   2348	     5141	        0	3b3c	Chkpt 1
   2348	     5157	       16	3b3c	Checkpt 0
   2348	     5157	        0	3b3c	Chkpt 1
   2348	     5188	       31	3b3c	Checkpt 0
   2348	     5188	        0	3b3c	Chkpt 1
