   4.6983047e-05   1.3378360e+02
   4.8125412e-03   1.4737550e+01
   5.0468269e-03   1.4750320e+01
   1.4826204e-02   1.4740330e+01
   1.5001918e-02   1.4778370e+01
   2.4838134e-02   1.4741000e+01
   2.4996706e-02   1.4744630e+01
   2.5065277e-02   1.4750470e+01
   3.4823848e-02   1.4739860e+01
   3.4995277e-02   1.4744280e+01
   3.5065277e-02   1.4750470e+01
   4.4823848e-02   1.4739860e+01
   4.4995277e-02   1.4744280e+01
   4.5065277e-02   1.4750470e+01
   5.4810944e-02   1.4737310e+01
   5.4999515e-02   1.4808420e+01
   5.5075230e-02   1.4749980e+01
   6.4823848e-02   1.4739860e+01
   6.4995277e-02   1.4744280e+01
   6.5065277e-02   1.4750470e+01
   7.4811461e-02   1.4737420e+01
   7.4991461e-02   1.4743050e+01
   7.5061461e-02   1.4750460e+01
   8.4823849e-02   1.4739860e+01
   8.4995277e-02   1.4744280e+01
   8.5065277e-02   1.4750470e+01
   9.4823849e-02   1.4739860e+01
   9.4995277e-02   1.4744280e+01
   9.5065277e-02   1.4750470e+01
   1.0484956e-01   1.4742570e+01
   1.0499242e-01   1.4741990e+01
   1.0507956e-01   1.4749880e+01
   1.1482385e-01   1.4739860e+01
   1.1499528e-01   1.4744280e+01
   1.1506528e-01   1.4750470e+01
   1.2482385e-01   1.4739860e+01
   1.2499528e-01   1.4744280e+01
   1.2506528e-01   1.4750470e+01
   1.3482385e-01   1.4739860e+01
   1.3499528e-01   1.4744280e+01
   1.3506528e-01   1.4750470e+01
   1.4482385e-01   1.4739860e+01
   1.4499528e-01   1.4744280e+01
   1.4506528e-01   1.4750470e+01
   1.5482385e-01   1.4739860e+01
   1.5499528e-01   1.4744280e+01
   1.5506528e-01   1.4750470e+01
   1.6482385e-01   1.4739860e+01
   1.6499528e-01   1.4744280e+01
   1.6506528e-01   1.4750470e+01
   1.7482385e-01   1.4739860e+01
   1.7499528e-01   1.4744280e+01
   1.7506528e-01   1.4750470e+01
   1.8482385e-01   1.4739860e+01
   1.8499528e-01   1.4744280e+01
   1.8506528e-01   1.4750470e+01
   1.9482385e-01   1.4739860e+01
   1.9499528e-01   1.4744280e+01
   1.9506528e-01   1.4750470e+01
   2.0482385e-01   1.4739860e+01
   2.0499528e-01   1.4744280e+01
   2.0506528e-01   1.4750470e+01
   2.1482385e-01   1.4739860e+01
   2.1499528e-01   1.4744280e+01
   2.1506528e-01   1.4750470e+01
   2.2482385e-01   1.4739860e+01
   2.2499528e-01   1.4744280e+01
   2.2506528e-01   1.4750470e+01
   2.3482385e-01   1.4739860e+01
   2.3499528e-01   1.4744280e+01
   2.3506528e-01   1.4750470e+01
   2.4482385e-01   1.4739860e+01
   2.4499528e-01   1.4744280e+01
   2.4506528e-01   1.4750470e+01
   2.5482385e-01   1.4739860e+01
   2.5499528e-01   1.4744290e+01
   2.5506528e-01   1.4750470e+01
   2.6482385e-01   1.4739860e+01
   2.6499528e-01   1.4744290e+01
   2.6506528e-01   1.4750470e+01
   2.7482385e-01   1.4739860e+01
   2.7499528e-01   1.4744290e+01
   2.7507956e-01   1.4749880e+01
   2.8489671e-01   1.4748190e+01
   2.8500813e-01   1.4740980e+01
   2.8514242e-01   1.4744080e+01
   2.9482385e-01   1.4739860e+01
   2.9499528e-01   1.4744280e+01
   2.9506528e-01   1.4750470e+01
   3.0482385e-01   1.4739860e+01
   3.0499528e-01   1.4744290e+01
   3.0506528e-01   1.4750470e+01
   3.1482385e-01   1.4739860e+01
   3.1499528e-01   1.4744290e+01
   3.1506528e-01   1.4750470e+01
   3.2482385e-01   1.4739860e+01
   3.2499528e-01   1.4744290e+01
   3.2506528e-01   1.4750470e+01
   3.3482385e-01   1.4739860e+01
   3.3499528e-01   1.4744290e+01
   3.3506528e-01   1.4750470e+01
   3.4482385e-01   1.4739860e+01
   3.4499528e-01   1.4744290e+01
   3.4506528e-01   1.4750470e+01
   3.5482385e-01   1.4739860e+01
   3.5499528e-01   1.4744290e+01
   3.5506528e-01   1.4750470e+01
   3.6482385e-01   1.4739860e+01
   3.6499528e-01   1.4744280e+01
   3.6506528e-01   1.4750470e+01
   3.7482385e-01   1.4739860e+01
   3.7499528e-01   1.4744290e+01
   3.7506528e-01   1.4750470e+01
   3.8482385e-01   1.4739860e+01
   3.8499528e-01   1.4744290e+01
   3.8506528e-01   1.4750470e+01
   3.9482385e-01   1.4739860e+01
   3.9499528e-01   1.4744290e+01
   3.9506528e-01   1.4750470e+01
   4.0482385e-01   1.4739860e+01
   4.0499528e-01   1.4744290e+01
   4.0506528e-01   1.4750470e+01
   4.1482385e-01   1.4739860e+01
   4.1499528e-01   1.4744290e+01
   4.1506528e-01   1.4750470e+01
   4.2482385e-01   1.4739860e+01
   4.2499528e-01   1.4744280e+01
   4.2506528e-01   1.4750470e+01
   4.3482385e-01   1.4739860e+01
   4.3499528e-01   1.4744290e+01
   4.3506528e-01   1.4750470e+01
   4.4482385e-01   1.4739860e+01
   4.4499528e-01   1.4744290e+01
   4.4506528e-01   1.4750470e+01
   4.5494528e-01   1.4747660e+01
   4.5500813e-01   1.4743210e+01
   4.5518956e-01   1.4737710e+01
   4.6482385e-01   1.4739860e+01
   4.6499528e-01   1.4744290e+01
   4.6506528e-01   1.4750470e+01
   4.7482385e-01   1.4739860e+01
   4.7499528e-01   1.4744290e+01
   4.7506528e-01   1.4750470e+01
   4.8482385e-01   1.4739860e+01
   4.8499528e-01   1.4744280e+01
   4.8506528e-01   1.4750470e+01
   4.9482385e-01   1.4739860e+01
   4.9499528e-01   1.4744290e+01
   4.9506528e-01   1.4750470e+01
   5.0482385e-01   1.4739860e+01
   5.0499528e-01   1.4744280e+01
   5.0506528e-01   1.4750470e+01
   5.1482385e-01   1.4739860e+01
   5.1499528e-01   1.4744280e+01
   5.1506528e-01   1.4750470e+01
   5.2482385e-01   1.4739860e+01
   5.2499528e-01   1.4744280e+01
   5.2506528e-01   1.4750470e+01
   5.3482385e-01   1.4739860e+01
   5.3499528e-01   1.4744280e+01
   5.3506528e-01   1.4750470e+01
   5.4482385e-01   1.4739860e+01
   5.4499528e-01   1.4744280e+01
   5.4506528e-01   1.4750470e+01
   5.5482385e-01   1.4739860e+01
   5.5499528e-01   1.4744280e+01
   5.5506528e-01   1.4750470e+01
   5.6482385e-01   1.4739860e+01
   5.6499528e-01   1.4744280e+01
   5.6506528e-01   1.4750470e+01
   5.7482385e-01   1.4739860e+01
   5.7499528e-01   1.4744280e+01
   5.7506528e-01   1.4750470e+01
   5.8482385e-01   1.4739860e+01
   5.8499528e-01   1.4744280e+01
   5.8506528e-01   1.4750470e+01
   5.9482385e-01   1.4739860e+01
   5.9499528e-01   1.4744280e+01
   5.9506528e-01   1.4750470e+01
   6.0482385e-01   1.4739860e+01
   6.0499528e-01   1.4744280e+01
   6.0506528e-01   1.4750470e+01
   6.1482385e-01   1.4739860e+01
   6.1499528e-01   1.4744280e+01
   6.1506528e-01   1.4750470e+01
   6.2482385e-01   1.4739860e+01
   6.2499528e-01   1.4744280e+01
   6.2504671e-01   1.4744190e+01
   6.3496671e-01   1.4745800e+01
   6.3504956e-01   1.4750640e+01
   6.4482385e-01   1.4739860e+01
   6.4499528e-01   1.4744280e+01
   6.4506528e-01   1.4750470e+01
   6.5482385e-01   1.4739860e+01
   6.5499528e-01   1.4744280e+01
   6.5506528e-01   1.4750470e+01
   6.6482385e-01   1.4739860e+01
   6.6499528e-01   1.4744280e+01
   6.6506528e-01   1.4750470e+01
   6.7482385e-01   1.4739860e+01
   6.7499528e-01   1.4744280e+01
   6.7506528e-01   1.4750470e+01
   6.8482385e-01   1.4739860e+01
   6.8499528e-01   1.4744280e+01
   6.8506528e-01   1.4750470e+01
   6.9482385e-01   1.4739860e+01
   6.9499528e-01   1.4744280e+01
   6.9506528e-01   1.4750470e+01
   7.0482385e-01   1.4739860e+01
   7.0499528e-01   1.4744280e+01
   7.0506528e-01   1.4750470e+01
   7.1482385e-01   1.4739860e+01
   7.1499528e-01   1.4744280e+01
   7.1506528e-01   1.4750470e+01
   7.2482385e-01   1.4739860e+01
   7.2499528e-01   1.4744280e+01
   7.2506528e-01   1.4750470e+01
   7.3482385e-01   1.4739860e+01
   7.3499528e-01   1.4744280e+01
   7.3506528e-01   1.4750470e+01
   7.4482385e-01   1.4739860e+01
   7.4499528e-01   1.4744280e+01
   7.4506528e-01   1.4750470e+01
   7.5482385e-01   1.4739860e+01
   7.5499528e-01   1.4744280e+01
   7.5506528e-01   1.4750470e+01
   7.6482385e-01   1.4739860e+01
   7.6499528e-01   1.4744280e+01
   7.6506528e-01   1.4750470e+01
   7.7482385e-01   1.4739860e+01
   7.7499528e-01   1.4744280e+01
   7.7506528e-01   1.4750470e+01
   7.8482385e-01   1.4739860e+01
   7.8499528e-01   1.4744280e+01
   7.8506528e-01   1.4750470e+01
   7.9482385e-01   1.4739860e+01
   7.9499528e-01   1.4744280e+01
   7.9506528e-01   1.4750470e+01
   8.0482385e-01   1.4739860e+01
   8.0499242e-01   1.4742000e+01
   8.0507956e-01   1.4749890e+01
   8.1484813e-01   1.4742890e+01
   8.1499242e-01   1.4742000e+01
   8.1507956e-01   1.4749890e+01
   8.2482385e-01   1.4739860e+01
   8.2499528e-01   1.4744280e+01
   8.2506528e-01   1.4750470e+01
   8.3482385e-01   1.4739860e+01
   8.3499528e-01   1.4744280e+01
   8.3506528e-01   1.4750470e+01
   8.4482385e-01   1.4739860e+01
   8.4499528e-01   1.4744280e+01
   8.4506528e-01   1.4750470e+01
   8.5482385e-01   1.4739860e+01
   8.5499528e-01   1.4744280e+01
   8.5506528e-01   1.4750470e+01
   8.6482385e-01   1.4739860e+01
   8.6499528e-01   1.4744280e+01
   8.6506528e-01   1.4750470e+01
   8.7482385e-01   1.4739860e+01
   8.7499528e-01   1.4744280e+01
   8.7506528e-01   1.4750470e+01
   8.8482385e-01   1.4739860e+01
   8.8499528e-01   1.4744280e+01
   8.8506528e-01   1.4750470e+01
   8.9482385e-01   1.4739860e+01
   8.9499528e-01   1.4744280e+01
   8.9506528e-01   1.4750470e+01
   9.0482385e-01   1.4739860e+01
   9.0499528e-01   1.4744280e+01
   9.0506528e-01   1.4750470e+01
   9.1482385e-01   1.4739860e+01
   9.1499528e-01   1.4744280e+01
   9.1506528e-01   1.4750470e+01
   9.2482385e-01   1.4739860e+01
   9.2499528e-01   1.4744280e+01
   9.2506528e-01   1.4750470e+01
   9.3482385e-01   1.4739860e+01
   9.3499528e-01   1.4744280e+01
   9.3506528e-01   1.4750470e+01
   9.4482385e-01   1.4739860e+01
   9.4499528e-01   1.4744280e+01
   9.4506528e-01   1.4750470e+01
   9.5482385e-01   1.4739860e+01
   9.5499528e-01   1.4744280e+01
   9.5506528e-01   1.4750470e+01
   9.6482385e-01   1.4739860e+01
   9.6499528e-01   1.4744280e+01
   9.6506528e-01   1.4750470e+01
   9.7482385e-01   1.4739860e+01
   9.7499528e-01   1.4744280e+01
   9.7506528e-01   1.4750470e+01
   9.8482385e-01   1.4739860e+01
   9.8500099e-01   1.4740000e+01
   9.8506528e-01   1.4750470e+01
   9.9488671e-01   1.4746280e+01
   9.9500242e-01   1.4744360e+01
   9.9514242e-01   1.4744080e+01
