   0.0000000e+00   0.0000000e+00
   8.3779442e-06   1.2566288e-02
   1.6755558e-05   2.5132080e-02
   2.5132511e-05   3.7696879e-02
   3.3508474e-05   5.0260191e-02
   4.1883121e-05   6.2821518e-02
   5.0256124e-05   7.5380365e-02
   5.8627160e-05   8.7936237e-02
   6.6995907e-05   1.0048864e-01
   7.5362048e-05   1.1303707e-01
   8.3725267e-05   1.2558104e-01
   9.2085254e-05   1.3812005e-01
   1.0044170e-04   1.5065361e-01
   1.0879430e-04   1.6318122e-01
   1.1714277e-04   1.7570239e-01
   1.2548680e-04   1.8821663e-01
   1.3382610e-04   2.0072343e-01
   1.4216041e-04   2.1322231e-01
   1.5048945e-04   2.2571277e-01
   1.5881293e-04   2.3819432e-01
   1.6713062e-04   2.5066647e-01
   1.7544225e-04   2.6312872e-01
   1.8374757e-04   2.7558058e-01
   1.9204636e-04   2.8802157e-01
   2.0033838e-04   3.0045118e-01
   2.0862340e-04   3.1286893e-01
   2.1690123e-04   3.2527433e-01
   2.2517166e-04   3.3766689e-01
   2.3343450e-04   3.5004612e-01
   2.4168957e-04   3.6241153e-01
   2.4993670e-04   3.7476263e-01
   2.5817572e-04   3.8709894e-01
   2.6640650e-04   3.9941996e-01
   2.7462889e-04   4.1172522e-01
   2.8284276e-04   4.2401422e-01
   2.9104801e-04   4.3628648e-01
   2.9924454e-04   4.4854152e-01
   3.0743225e-04   4.6077885e-01
   3.1561107e-04   4.7299799e-01
   3.2378094e-04   4.8519846e-01
   3.3194181e-04   4.9737977e-01
   3.4009364e-04   5.0954145e-01
   3.4823642e-04   5.2168301e-01
   3.5637013e-04   5.3380398e-01
   3.6449478e-04   5.4590387e-01
   3.7261039e-04   5.5798221e-01
   3.8071701e-04   5.7003852e-01
   3.8881467e-04   5.8207233e-01
   3.9690346e-04   5.9408316e-01
   4.0498344e-04   6.0607054e-01
   4.1305471e-04   6.1803399e-01
   4.2111740e-04   6.2997304e-01
   4.2917162e-04   6.4188722e-01
   4.3721752e-04   6.5377606e-01
   4.4525526e-04   6.6563909e-01
   4.5328502e-04   6.7747584e-01
   4.6130698e-04   6.8928585e-01
   4.6932137e-04   7.0106864e-01
   4.7732841e-04   7.1282376e-01
   4.8532833e-04   7.2455073e-01
   4.9332140e-04   7.3624911e-01
   5.0130789e-04   7.4791841e-01
   5.0928810e-04   7.5955819e-01
   5.1726233e-04   7.7116798e-01
   5.2523091e-04   7.8274733e-01
   5.3319419e-04   7.9429578e-01
   5.4115253e-04   8.0581287e-01
   5.4910629e-04   8.1729815e-01
   5.5705589e-04   8.2875116e-01
   5.6500173e-04   8.4017146e-01
   5.7294423e-04   8.5155858e-01
   5.8088384e-04   8.6291209e-01
   5.8882103e-04   8.7423153e-01
   5.9675628e-04   8.8551646e-01
   6.0469007e-04   8.9676643e-01
   6.1262293e-04   9.0798100e-01
   6.2055538e-04   9.1915972e-01
   6.2848796e-04   9.3030216e-01
   6.3642124e-04   9.4140786e-01
   6.4435580e-04   9.5247641e-01
   6.5229224e-04   9.6350735e-01
   6.6023115e-04   9.7450025e-01
   6.6817318e-04   9.8545468e-01
   6.7611895e-04   9.9637021e-01
   6.8406914e-04   1.0072464e+00
   6.9202441e-04   1.0180828e+00
   6.9998545e-04   1.0288791e+00
   7.0795296e-04   1.0396347e+00
   7.1592767e-04   1.0503493e+00
   7.2391030e-04   1.0610224e+00
   7.3190161e-04   1.0716536e+00
   7.3990235e-04   1.0822425e+00
   7.4791330e-04   1.0927887e+00
   7.5593525e-04   1.1032917e+00
   7.6396901e-04   1.1137512e+00
   7.7201538e-04   1.1241668e+00
   7.8007520e-04   1.1345379e+00
   7.8814930e-04   1.1448643e+00
   7.9623854e-04   1.1551454e+00
   8.0434379e-04   1.1653810e+00
   8.1246592e-04   1.1755705e+00
   8.2060582e-04   1.1857136e+00
   8.2876438e-04   1.1958100e+00
   8.3694252e-04   1.2058591e+00
   8.4514116e-04   1.2158606e+00
   8.5336122e-04   1.2258141e+00
   8.6160365e-04   1.2357192e+00
   8.6986939e-04   1.2455756e+00
   8.7815939e-04   1.2553827e+00
   8.8647463e-04   1.2651403e+00
   8.9481607e-04   1.2748480e+00
   9.0318469e-04   1.2845053e+00
   9.1158148e-04   1.2941119e+00
   9.2000744e-04   1.3036675e+00
   9.2846356e-04   1.3131715e+00
   9.3695085e-04   1.3226237e+00
   9.4547031e-04   1.3320237e+00
   9.5402297e-04   1.3413712e+00
   9.6260984e-04   1.3506656e+00
   9.7123194e-04   1.3599068e+00
   9.7989030e-04   1.3690942e+00
   9.8858594e-04   1.3782276e+00
   9.9731991e-04   1.3873066e+00
   1.0060932e-03   1.3963308e+00
   1.0149069e-03   1.4052999e+00
   1.0237621e-03   1.4142136e+00
   1.0326596e-03   1.4230714e+00
   1.0416007e-03   1.4318730e+00
   1.0505863e-03   1.4406180e+00
   1.0596174e-03   1.4493063e+00
   1.0686952e-03   1.4579373e+00
   1.0778205e-03   1.4665107e+00
   1.0869945e-03   1.4750262e+00
   1.0962181e-03   1.4834835e+00
   1.1054924e-03   1.4918823e+00
   1.1148184e-03   1.5002221e+00
   1.1241971e-03   1.5085028e+00
   1.1336295e-03   1.5167238e+00
   1.1431166e-03   1.5248850e+00
   1.1526593e-03   1.5329860e+00
   1.1622587e-03   1.5410265e+00
   1.1719157e-03   1.5490061e+00
   1.1816313e-03   1.5569246e+00
   1.1914065e-03   1.5647816e+00
   1.2012421e-03   1.5725769e+00
   1.2111391e-03   1.5803100e+00
   1.2210985e-03   1.5879808e+00
   1.2311211e-03   1.5955889e+00
   1.2412079e-03   1.6031340e+00
   1.2513597e-03   1.6106158e+00
   1.2615774e-03   1.6180340e+00
   1.2718618e-03   1.6253883e+00
   1.2822138e-03   1.6326785e+00
   1.2926343e-03   1.6399042e+00
   1.3031239e-03   1.6470652e+00
   1.3136836e-03   1.6541611e+00
   1.3243141e-03   1.6611918e+00
   1.3350162e-03   1.6681569e+00
   1.3457905e-03   1.6750561e+00
   1.3566378e-03   1.6818892e+00
   1.3675589e-03   1.6886559e+00
   1.3785544e-03   1.6953559e+00
   1.3896249e-03   1.7019890e+00
   1.4007711e-03   1.7085549e+00
   1.4119936e-03   1.7150533e+00
   1.4232930e-03   1.7214841e+00
   1.4346699e-03   1.7278468e+00
   1.4461249e-03   1.7341414e+00
   1.4576584e-03   1.7403675e+00
   1.4692709e-03   1.7465249e+00
   1.4809629e-03   1.7526134e+00
   1.4927350e-03   1.7586326e+00
   1.5045874e-03   1.7645825e+00
   1.5165206e-03   1.7704626e+00
   1.5285349e-03   1.7762729e+00
   1.5406308e-03   1.7820130e+00
   1.5528084e-03   1.7876828e+00
   1.5650681e-03   1.7932821e+00
   1.5774102e-03   1.7988105e+00
   1.5898348e-03   1.8042679e+00
   1.6023421e-03   1.8096541e+00
   1.6149324e-03   1.8149688e+00
   1.6276057e-03   1.8202119e+00
   1.6403621e-03   1.8253832e+00
   1.6532017e-03   1.8304823e+00
   1.6661246e-03   1.8355093e+00
   1.6791307e-03   1.8404637e+00
   1.6922199e-03   1.8453455e+00
   1.7053923e-03   1.8501544e+00
   1.7186477e-03   1.8548903e+00
   1.7319859e-03   1.8595530e+00
   1.7454069e-03   1.8641422e+00
   1.7589103e-03   1.8686579e+00
   1.7724960e-03   1.8730998e+00
   1.7861636e-03   1.8774677e+00
   1.7999128e-03   1.8817615e+00
   1.8137433e-03   1.8859811e+00
   1.8276547e-03   1.8901262e+00
   1.8416465e-03   1.8941966e+00
   1.8557183e-03   1.8981923e+00
   1.8698696e-03   1.9021130e+00
   1.8840997e-03   1.9059587e+00
   1.8984081e-03   1.9097291e+00
   1.9127942e-03   1.9134241e+00
   1.9272574e-03   1.9170436e+00
   1.9417968e-03   1.9205874e+00
   1.9564117e-03   1.9240553e+00
   1.9711015e-03   1.9274474e+00
   1.9858651e-03   1.9307633e+00
   2.0007018e-03   1.9340030e+00
   2.0156106e-03   1.9371663e+00
   2.0305906e-03   1.9402532e+00
   2.0456408e-03   1.9432635e+00
   2.0607601e-03   1.9461970e+00
   2.0759475e-03   1.9490537e+00
   2.0912018e-03   1.9518335e+00
   2.1065219e-03   1.9545362e+00
   2.1219065e-03   1.9571618e+00
   2.1373545e-03   1.9597101e+00
   2.1528644e-03   1.9621810e+00
   2.1684351e-03   1.9645745e+00
   2.1840651e-03   1.9668904e+00
   2.1997529e-03   1.9691287e+00
   2.2154972e-03   1.9712892e+00
   2.2312964e-03   1.9733719e+00
   2.2471490e-03   1.9753767e+00
   2.2630533e-03   1.9773035e+00
   2.2790078e-03   1.9791522e+00
   2.2950108e-03   1.9809229e+00
   2.3110605e-03   1.9826153e+00
   2.3271552e-03   1.9842294e+00
   2.3432931e-03   1.9857652e+00
   2.3594724e-03   1.9872226e+00
   2.3756911e-03   1.9886016e+00
   2.3919474e-03   1.9899020e+00
   2.4082392e-03   1.9911239e+00
   2.4245646e-03   1.9922672e+00
   2.4409215e-03   1.9933319e+00
   2.4573077e-03   1.9943178e+00
   2.4737213e-03   1.9952250e+00
   2.4901600e-03   1.9960535e+00
   2.5066215e-03   1.9968031e+00
   2.5231036e-03   1.9974739e+00
   2.5396041e-03   1.9980659e+00
   2.5561206e-03   1.9985789e+00
   2.5726507e-03   1.9990131e+00
   2.5891920e-03   1.9993684e+00
   2.6057421e-03   1.9996447e+00
   2.6222984e-03   1.9998421e+00
   2.6388585e-03   1.9999605e+00
   2.6554198e-03   2.0000000e+00
   2.6719796e-03   1.9999605e+00
   2.6885353e-03   1.9998421e+00
   2.7050843e-03   1.9996447e+00
   2.7216238e-03   1.9993684e+00
   2.7381512e-03   1.9990131e+00
   2.7546635e-03   1.9985789e+00
   2.7711580e-03   1.9980659e+00
   2.7876319e-03   1.9974739e+00
   2.8040822e-03   1.9968031e+00
   2.8205061e-03   1.9960535e+00
   2.8369006e-03   1.9952250e+00
   2.8532627e-03   1.9943178e+00
   2.8695894e-03   1.9933319e+00
   2.8858776e-03   1.9922672e+00
   2.9021243e-03   1.9911239e+00
   2.9183264e-03   1.9899020e+00
   2.9344808e-03   1.9886016e+00
   2.9505843e-03   1.9872226e+00
   2.9666336e-03   1.9857652e+00
   2.9826257e-03   1.9842294e+00
   2.9985572e-03   1.9826153e+00
   3.0144248e-03   1.9809229e+00
   3.0302254e-03   1.9791522e+00
   3.0459555e-03   1.9773035e+00
   3.0616119e-03   1.9753767e+00
   3.0771911e-03   1.9733719e+00
   3.0926899e-03   1.9712892e+00
   3.1081047e-03   1.9691287e+00
   3.1234322e-03   1.9668904e+00
   3.1386689e-03   1.9645745e+00
   3.1538113e-03   1.9621810e+00
   3.1688561e-03   1.9597101e+00
   3.1837996e-03   1.9571618e+00
   3.1986383e-03   1.9545362e+00
   3.2133688e-03   1.9518335e+00
   3.2279874e-03   1.9490537e+00
   3.2424906e-03   1.9461970e+00
   3.2568749e-03   1.9432635e+00
   3.2711367e-03   1.9402532e+00
   3.2852723e-03   1.9371663e+00
   3.2992781e-03   1.9340030e+00
   3.3131506e-03   1.9307633e+00
   3.3268861e-03   1.9274474e+00
   3.3404809e-03   1.9240553e+00
   3.3539315e-03   1.9205874e+00
   3.3672341e-03   1.9170436e+00
   3.3803852e-03   1.9134241e+00
   3.3933810e-03   1.9097291e+00
   3.4062180e-03   1.9059587e+00
   3.4188924e-03   1.9021130e+00
   3.4314005e-03   1.8981923e+00
   3.4437388e-03   1.8941966e+00
   3.4559036e-03   1.8901262e+00
   3.4678911e-03   1.8859811e+00
   3.4796978e-03   1.8817615e+00
   3.4913199e-03   1.8774677e+00
   3.5027539e-03   1.8730998e+00
   3.5139960e-03   1.8686579e+00
   3.5250427e-03   1.8641422e+00
   3.5358903e-03   1.8595530e+00
   3.5465352e-03   1.8548903e+00
   3.5569737e-03   1.8501544e+00
   3.5672023e-03   1.8453455e+00
   3.5772174e-03   1.8404637e+00
   3.5870153e-03   1.8355093e+00
   3.5965926e-03   1.8304823e+00
   3.6059456e-03   1.8253832e+00
   3.6150709e-03   1.8202119e+00
   3.6239649e-03   1.8149688e+00
   3.6326240e-03   1.8096541e+00
   3.6410449e-03   1.8042679e+00
   3.6492241e-03   1.7988105e+00
   3.6571580e-03   1.7932821e+00
   3.6648434e-03   1.7876828e+00
   3.6722767e-03   1.7820130e+00
   3.6794547e-03   1.7762729e+00
   3.6863738e-03   1.7704626e+00
   3.6930310e-03   1.7645825e+00
   3.6994227e-03   1.7586326e+00
   3.7055458e-03   1.7526134e+00
   3.7113970e-03   1.7465249e+00
   3.7169731e-03   1.7403675e+00
   3.7222708e-03   1.7341414e+00
   3.7272872e-03   1.7278468e+00
   3.7320189e-03   1.7214841e+00
   3.7364630e-03   1.7150533e+00
   3.7406164e-03   1.7085549e+00
   3.7444761e-03   1.7019890e+00
   3.7480390e-03   1.6953559e+00
   3.7513022e-03   1.6886559e+00
   3.7542629e-03   1.6818892e+00
   3.7569182e-03   1.6750561e+00
   3.7592652e-03   1.6681569e+00
   3.7613011e-03   1.6611918e+00
   3.7630232e-03   1.6541611e+00
   3.7644289e-03   1.6470652e+00
   3.7655153e-03   1.6399042e+00
   3.7662800e-03   1.6326785e+00
   3.7667204e-03   1.6253883e+00
   3.7668338e-03   1.6180340e+00
   3.7666180e-03   1.6106158e+00
   3.7660703e-03   1.6031340e+00
   3.7651885e-03   1.5955889e+00
   3.7639702e-03   1.5879808e+00
   3.7624132e-03   1.5803100e+00
   3.7605151e-03   1.5725769e+00
   3.7582739e-03   1.5647816e+00
   3.7556875e-03   1.5569246e+00
   3.7527536e-03   1.5490061e+00
   3.7494704e-03   1.5410265e+00
   3.7458359e-03   1.5329860e+00
   3.7418481e-03   1.5248850e+00
   3.7375053e-03   1.5167238e+00
   3.7328055e-03   1.5085028e+00
   3.7277472e-03   1.5002221e+00
   3.7223286e-03   1.4918823e+00
   3.7165482e-03   1.4834835e+00
   3.7104043e-03   1.4750262e+00
   3.7038955e-03   1.4665107e+00
   3.6970203e-03   1.4579373e+00
   3.6897774e-03   1.4493063e+00
   3.6821654e-03   1.4406180e+00
   3.6741832e-03   1.4318730e+00
   3.6658296e-03   1.4230714e+00
   3.6571034e-03   1.4142136e+00
   3.6480035e-03   1.4052999e+00
   3.6385291e-03   1.3963308e+00
   3.6286792e-03   1.3873066e+00
   3.6184529e-03   1.3782276e+00
   3.6078495e-03   1.3690942e+00
   3.5968682e-03   1.3599068e+00
   3.5855083e-03   1.3506656e+00
   3.5737695e-03   1.3413712e+00
   3.5616510e-03   1.3320237e+00
   3.5491524e-03   1.3226237e+00
   3.5362735e-03   1.3131715e+00
   3.5230138e-03   1.3036675e+00
   3.5093732e-03   1.2941119e+00
   3.4953515e-03   1.2845053e+00
   3.4809486e-03   1.2748480e+00
   3.4661645e-03   1.2651403e+00
   3.4509993e-03   1.2553827e+00
   3.4354530e-03   1.2455756e+00
   3.4195258e-03   1.2357192e+00
   3.4032181e-03   1.2258141e+00
   3.3865302e-03   1.2158606e+00
   3.3694624e-03   1.2058591e+00
   3.3520154e-03   1.1958100e+00
   3.3341895e-03   1.1857136e+00
   3.3159856e-03   1.1755705e+00
   3.2974042e-03   1.1653810e+00
   3.2784462e-03   1.1551454e+00
   3.2591124e-03   1.1448643e+00
   3.2394037e-03   1.1345379e+00
   3.2193212e-03   1.1241668e+00
   3.1988658e-03   1.1137512e+00
   3.1780389e-03   1.1032917e+00
   3.1568415e-03   1.0927887e+00
   3.1352750e-03   1.0822425e+00
   3.1133408e-03   1.0716536e+00
   3.0910402e-03   1.0610224e+00
   3.0683749e-03   1.0503493e+00
   3.0453463e-03   1.0396347e+00
   3.0219562e-03   1.0288791e+00
   2.9982063e-03   1.0180828e+00
   2.9740983e-03   1.0072464e+00
   2.9496343e-03   9.9637021e-01
   2.9248161e-03   9.8545468e-01
   2.8996457e-03   9.7450025e-01
   2.8741252e-03   9.6350735e-01
   2.8482569e-03   9.5247641e-01
   2.8220429e-03   9.4140786e-01
   2.7954856e-03   9.3030216e-01
   2.7685873e-03   9.1915972e-01
   2.7413505e-03   9.0798100e-01
   2.7137777e-03   8.9676643e-01
   2.6858714e-03   8.8551646e-01
   2.6576345e-03   8.7423153e-01
   2.6290695e-03   8.6291209e-01
   2.6001793e-03   8.5155858e-01
   2.5709667e-03   8.4017146e-01
   2.5414347e-03   8.2875116e-01
   2.5115862e-03   8.1729815e-01
   2.4814244e-03   8.0581287e-01
   2.4509523e-03   7.9429578e-01
   2.4201731e-03   7.8274733e-01
   2.3890902e-03   7.7116798e-01
   2.3577068e-03   7.5955819e-01
   2.3260262e-03   7.4791841e-01
   2.2940521e-03   7.3624911e-01
   2.2617878e-03   7.2455073e-01
   2.2292370e-03   7.1282376e-01
   2.1964032e-03   7.0106864e-01
   2.1632902e-03   6.8928585e-01
   2.1299017e-03   6.7747584e-01
   2.0962415e-03   6.6563909e-01
   2.0623136e-03   6.5377606e-01
   2.0281217e-03   6.4188722e-01
   1.9936700e-03   6.2997304e-01
   1.9589624e-03   6.1803399e-01
   1.9240030e-03   6.0607054e-01
   1.8887961e-03   5.9408316e-01
   1.8533457e-03   5.8207233e-01
   1.8176561e-03   5.7003852e-01
   1.7817317e-03   5.5798221e-01
   1.7455767e-03   5.4590387e-01
   1.7091957e-03   5.3380398e-01
   1.6725930e-03   5.2168301e-01
   1.6357731e-03   5.0954145e-01
   1.5987407e-03   4.9737977e-01
   1.5615002e-03   4.8519846e-01
   1.5240564e-03   4.7299799e-01
   1.4864139e-03   4.6077885e-01
   1.4485774e-03   4.4854152e-01
   1.4105517e-03   4.3628648e-01
   1.3723416e-03   4.2401422e-01
   1.3339520e-03   4.1172522e-01
   1.2953877e-03   3.9941996e-01
   1.2566537e-03   3.8709894e-01
   1.2177550e-03   3.7476263e-01
   1.1786965e-03   3.6241153e-01
   1.1394832e-03   3.5004612e-01
   1.1001203e-03   3.3766689e-01
   1.0606129e-03   3.2527433e-01
   1.0209660e-03   3.1286893e-01
   9.8118480e-04   3.0045118e-01
   9.4127455e-04   2.8802157e-01
   9.0124045e-04   2.7558058e-01
   8.6108774e-04   2.6312872e-01
   8.2082169e-04   2.5066647e-01
   7.8044760e-04   2.3819432e-01
   7.3997079e-04   2.2571277e-01
   6.9939661e-04   2.1322231e-01
   6.5873041e-04   2.0072343e-01
   6.1797759e-04   1.8821663e-01
   5.7714355e-04   1.7570239e-01
   5.3623371e-04   1.6318122e-01
   4.9525351e-04   1.5065361e-01
   4.5420840e-04   1.3812005e-01
   4.1310386e-04   1.2558104e-01
   3.7194535e-04   1.1303707e-01
   3.3073838e-04   1.0048864e-01
   2.8948845e-04   8.7936237e-02
   2.4820107e-04   7.5380365e-02
   2.0688177e-04   6.2821518e-02
   1.6553607e-04   5.0260191e-02
   1.2416950e-04   3.7696879e-02
   8.2787602e-05   2.5132080e-02
   4.1395921e-05   1.2566288e-02
   8.0684738e-19   2.4492936e-16
  -4.1394618e-05  -1.2566288e-02
  -8.2782388e-05  -2.5132080e-02
  -1.2415777e-04  -3.7696879e-02
  -1.6551522e-04  -5.0260191e-02
  -2.0684920e-04  -6.2821518e-02
  -2.4815419e-04  -7.5380365e-02
  -2.8942465e-04  -8.7936237e-02
  -3.3065508e-04  -1.0048864e-01
  -3.7183996e-04  -1.1303707e-01
  -4.1297381e-04  -1.2558104e-01
  -4.5405112e-04  -1.3812005e-01
  -4.9506643e-04  -1.5065361e-01
  -5.3601427e-04  -1.6318122e-01
  -5.7688922e-04  -1.7570239e-01
  -6.1768582e-04  -1.8821663e-01
  -6.5839868e-04  -2.0072343e-01
  -6.9902239e-04  -2.1322231e-01
  -7.3955160e-04  -2.2571277e-01
  -7.7998093e-04  -2.3819432e-01
  -8.2030507e-04  -2.5066647e-01
  -8.6051870e-04  -2.6312872e-01
  -9.0061655e-04  -2.7558058e-01
  -9.4059335e-04  -2.8802157e-01
  -9.8044388e-04  -3.0045118e-01
  -1.0201629e-03  -3.1286893e-01
  -1.0597453e-03  -3.2527433e-01
  -1.0991859e-03  -3.3766689e-01
  -1.1384796e-03  -3.5004612e-01
  -1.1776213e-03  -3.6241153e-01
  -1.2166059e-03  -3.7476263e-01
  -1.2554285e-03  -3.8709894e-01
  -1.2940841e-03  -3.9941996e-01
  -1.3325677e-03  -4.1172522e-01
  -1.3708744e-03  -4.2401422e-01
  -1.4089994e-03  -4.3628648e-01
  -1.4469378e-03  -4.4854152e-01
  -1.4846848e-03  -4.6077885e-01
  -1.5222358e-03  -4.7299799e-01
  -1.5595860e-03  -4.8519846e-01
  -1.5967307e-03  -4.9737977e-01
  -1.6336653e-03  -5.0954145e-01
  -1.6703854e-03  -5.2168301e-01
  -1.7068862e-03  -5.3380398e-01
  -1.7431635e-03  -5.4590387e-01
  -1.7792127e-03  -5.5798221e-01
  -1.8150294e-03  -5.7003852e-01
  -1.8506095e-03  -5.8207233e-01
  -1.8859485e-03  -5.9408316e-01
  -1.9210422e-03  -6.0607054e-01
  -1.9558866e-03  -6.1803399e-01
  -1.9904774e-03  -6.2997304e-01
  -2.0248107e-03  -6.4188722e-01
  -2.0588823e-03  -6.5377606e-01
  -2.0926884e-03  -6.6563909e-01
  -2.1262251e-03  -6.7747584e-01
  -2.1594885e-03  -6.8928585e-01
  -2.1924748e-03  -7.0106864e-01
  -2.2251804e-03  -7.1282376e-01
  -2.2576016e-03  -7.2455073e-01
  -2.2897347e-03  -7.3624911e-01
  -2.3215763e-03  -7.4791841e-01
  -2.3531229e-03  -7.5955819e-01
  -2.3843710e-03  -7.7116798e-01
  -2.4153173e-03  -7.8274733e-01
  -2.4459586e-03  -7.9429578e-01
  -2.4762915e-03  -8.0581287e-01
  -2.5063130e-03  -8.1729815e-01
  -2.5360200e-03  -8.2875116e-01
  -2.5654094e-03  -8.4017146e-01
  -2.5944783e-03  -8.5155858e-01
  -2.6232237e-03  -8.6291209e-01
  -2.6516430e-03  -8.7423153e-01
  -2.6797332e-03  -8.8551646e-01
  -2.7074918e-03  -8.9676643e-01
  -2.7349160e-03  -9.0798100e-01
  -2.7620034e-03  -9.1915972e-01
  -2.7887515e-03  -9.3030216e-01
  -2.8151579e-03  -9.4140786e-01
  -2.8412201e-03  -9.5247641e-01
  -2.8669361e-03  -9.6350735e-01
  -2.8923034e-03  -9.7450025e-01
  -2.9173202e-03  -9.8545468e-01
  -2.9419842e-03  -9.9637021e-01
  -2.9662935e-03  -1.0072464e+00
  -2.9902462e-03  -1.0180828e+00
  -3.0138404e-03  -1.0288791e+00
  -3.0370745e-03  -1.0396347e+00
  -3.0599466e-03  -1.0503493e+00
  -3.0824552e-03  -1.0610224e+00
  -3.1045988e-03  -1.0716536e+00
  -3.1263757e-03  -1.0822425e+00
  -3.1477848e-03  -1.0927887e+00
  -3.1688246e-03  -1.1032917e+00
  -3.1894938e-03  -1.1137512e+00
  -3.2097914e-03  -1.1241668e+00
  -3.2297161e-03  -1.1345379e+00
  -3.2492670e-03  -1.1448643e+00
  -3.2684431e-03  -1.1551454e+00
  -3.2872435e-03  -1.1653810e+00
  -3.3056674e-03  -1.1755705e+00
  -3.3237140e-03  -1.1857136e+00
  -3.3413828e-03  -1.1958100e+00
  -3.3586730e-03  -1.2058591e+00
  -3.3755843e-03  -1.2158606e+00
  -3.3921160e-03  -1.2258141e+00
  -3.4082680e-03  -1.2357192e+00
  -3.4240398e-03  -1.2455756e+00
  -3.4394312e-03  -1.2553827e+00
  -3.4544421e-03  -1.2651403e+00
  -3.4690724e-03  -1.2748480e+00
  -3.4833220e-03  -1.2845053e+00
  -3.4971911e-03  -1.2941119e+00
  -3.5106798e-03  -1.3036675e+00
  -3.5237882e-03  -1.3131715e+00
  -3.5365166e-03  -1.3226237e+00
  -3.5488654e-03  -1.3320237e+00
  -3.5608350e-03  -1.3413712e+00
  -3.5724259e-03  -1.3506656e+00
  -3.5836386e-03  -1.3599068e+00
  -3.5944737e-03  -1.3690942e+00
  -3.6049319e-03  -1.3782276e+00
  -3.6150140e-03  -1.3873066e+00
  -3.6247207e-03  -1.3963308e+00
  -3.6340531e-03  -1.4052999e+00
  -3.6430119e-03  -1.4142136e+00
  -3.6515983e-03  -1.4230714e+00
  -3.6598133e-03  -1.4318730e+00
  -3.6676581e-03  -1.4406180e+00
  -3.6751339e-03  -1.4493063e+00
  -3.6822419e-03  -1.4579373e+00
  -3.6889836e-03  -1.4665107e+00
  -3.6953602e-03  -1.4750262e+00
  -3.7013733e-03  -1.4834835e+00
  -3.7070244e-03  -1.4918823e+00
  -3.7123151e-03  -1.5002221e+00
  -3.7172469e-03  -1.5085028e+00
  -3.7218217e-03  -1.5167238e+00
  -3.7260412e-03  -1.5248850e+00
  -3.7299071e-03  -1.5329860e+00
  -3.7334215e-03  -1.5410265e+00
  -3.7365861e-03  -1.5490061e+00
  -3.7394030e-03  -1.5569246e+00
  -3.7418743e-03  -1.5647816e+00
  -3.7440020e-03  -1.5725769e+00
  -3.7457883e-03  -1.5803100e+00
  -3.7472353e-03  -1.5879808e+00
  -3.7483454e-03  -1.5955889e+00
  -3.7491209e-03  -1.6031340e+00
  -3.7495640e-03  -1.6106158e+00
  -3.7496772e-03  -1.6180340e+00
  -3.7494630e-03  -1.6253883e+00
  -3.7489238e-03  -1.6326785e+00
  -3.7480622e-03  -1.6399042e+00
  -3.7468808e-03  -1.6470652e+00
  -3.7453822e-03  -1.6541611e+00
  -3.7435691e-03  -1.6611918e+00
  -3.7414442e-03  -1.6681569e+00
  -3.7390103e-03  -1.6750561e+00
  -3.7362702e-03  -1.6818892e+00
  -3.7332268e-03  -1.6886559e+00
  -3.7298829e-03  -1.6953559e+00
  -3.7262414e-03  -1.7019890e+00
  -3.7223053e-03  -1.7085549e+00
  -3.7180777e-03  -1.7150533e+00
  -3.7135615e-03  -1.7214841e+00
  -3.7087598e-03  -1.7278468e+00
  -3.7036757e-03  -1.7341414e+00
  -3.6983124e-03  -1.7403675e+00
  -3.6926730e-03  -1.7465249e+00
  -3.6867607e-03  -1.7526134e+00
  -3.6805788e-03  -1.7586326e+00
  -3.6741304e-03  -1.7645825e+00
  -3.6674190e-03  -1.7704626e+00
  -3.6604477e-03  -1.7762729e+00
  -3.6532200e-03  -1.7820130e+00
  -3.6457392e-03  -1.7876828e+00
  -3.6380086e-03  -1.7932821e+00
  -3.6300318e-03  -1.7988105e+00
  -3.6218120e-03  -1.8042679e+00
  -3.6133529e-03  -1.8096541e+00
  -3.6046577e-03  -1.8149688e+00
  -3.5957301e-03  -1.8202119e+00
  -3.5865736e-03  -1.8253832e+00
  -3.5771916e-03  -1.8304823e+00
  -3.5675877e-03  -1.8355093e+00
  -3.5577654e-03  -1.8404637e+00
  -3.5477284e-03  -1.8453455e+00
  -3.5374802e-03  -1.8501544e+00
  -3.5270244e-03  -1.8548903e+00
  -3.5163646e-03  -1.8595530e+00
  -3.5055044e-03  -1.8641422e+00
  -3.4944474e-03  -1.8686579e+00
  -3.4831974e-03  -1.8730998e+00
  -3.4717578e-03  -1.8774677e+00
  -3.4601324e-03  -1.8817615e+00
  -3.4483247e-03  -1.8859811e+00
  -3.4363385e-03  -1.8901262e+00
  -3.4241775e-03  -1.8941966e+00
  -3.4118452e-03  -1.8981923e+00
  -3.3993453e-03  -1.9021130e+00
  -3.3866814e-03  -1.9059587e+00
  -3.3738573e-03  -1.9097291e+00
  -3.3608766e-03  -1.9134241e+00
  -3.3477429e-03  -1.9170436e+00
  -3.3344599e-03  -1.9205874e+00
  -3.3210312e-03  -1.9240553e+00
  -3.3074605e-03  -1.9274474e+00
  -3.2937514e-03  -1.9307633e+00
  -3.2799075e-03  -1.9340030e+00
  -3.2659324e-03  -1.9371663e+00
  -3.2518298e-03  -1.9402532e+00
  -3.2376031e-03  -1.9432635e+00
  -3.2232561e-03  -1.9461970e+00
  -3.2087923e-03  -1.9490537e+00
  -3.1942152e-03  -1.9518335e+00
  -3.1795284e-03  -1.9545362e+00
  -3.1647355e-03  -1.9571618e+00
  -3.1498398e-03  -1.9597101e+00
  -3.1348450e-03  -1.9621810e+00
  -3.1197545e-03  -1.9645745e+00
  -3.1045718e-03  -1.9668904e+00
  -3.0893003e-03  -1.9691287e+00
  -3.0739435e-000 -9.521051e-04
-1.341371e+00 -9.436098e-04
-1.332024e+00 -9.351466e-04
-1.322624e+00 -9.267145e-04
-1.313172e+00 -9.183125e-04
-1.303667e+00 -9.099395e-04
-1.294112e+00 -9.015945e-04
-1.284505e+00 -8.932767e-04
-1.274848e+00 -8.849850e-04
-1.265140e+00 -8.767184e-04
-1.255383e+00 -8.684760e-04
-1.245576e+00 -8.602568e-04
-1.235719e+00 -8.520598e-04
-1.225814e+00 -8.438842e-04
-1.215861e+00 -8.357290e-04
-1.205859e+00 -8.275933e-04
-1.195810e+00 -8.194761e-04
-1.185714e+00 -8.113766e-04
-1.175571e+00 -8.032939e-04
-1.165381e+00 -7.952271e-04
-1.155145e+00 -7.871753e-04
-1.144864e+00 -7.791377e-04
-1.134538e+00 -7.711135e-04
-1.124167e+00 -7.631017e-04
-1.113751e+00 -7.551017e-04
-1.103292e+00 -7.471125e-04
-1.092789e+00 -7.391335e-04
-1.082243e+00 -7.311637e-04
-1.071654e+00 -7.232026e-04
-1.061022e+00 -7.152492e-04
-1.050349e+00 -7.073029e-04
-1.039635e+00 -6.993630e-04
-1.028879e+00 -6.914287e-04
-1.018083e+00 -6.834993e-04
-1.007246e+00 -6.755743e-04
-9.963702e-01 -6.676529e-04
-9.854547e-01 -6.597344e-04
-9.745003e-01 -6.518183e-04
-9.635073e-01 -6.439039e-04
-9.524764e-01 -6.359907e-04
-9.414079e-01 -6.280780e-04
-9.303022e-01 -6.201653e-04
-9.191597e-01 -6.122521e-04
-9.079810e-01 -6.043377e-04
-8.967664e-01 -5.964218e-04
-8.855165e-01 -5.885037e-04
-8.742315e-01 -5.805831e-04
-8.629121e-01 -5.726594e-04
-8.515586e-01 -5.647322e-04
-8.401715e-01 -5.568011e-04
-8.287512e-01 -5.488656e-04
-8.172981e-01 -5.409254e-04
-8.058129e-01 -5.329800e-04
-7.942958e-01 -5.250292e-04
-7.827473e-01 -5.170725e-04
-7.711680e-01 -5.091097e-04
-7.595582e-01 -5.011404e-04
-7.479184e-01 -4.931643e-04
-7.362491e-01 -4.851811e-04
-7.245507e-01 -4.771907e-04
-7.128238e-01 -4.691927e-04
-7.010686e-01 -4.611868e-04
-6.892858e-01 -4.531730e-04
-6.774758e-01 -4.451510e-04
-6.656391e-01 -4.371206e-04
-6.537761e-01 -4.290817e-04
-6.418872e-01 -4.210340e-04
-6.299730e-01 -4.129776e-04
-6.180340e-01 -4.049122e-04
-6.060705e-01 -3.968377e-04
-5.940832e-01 -3.887541e-04
-5.820723e-01 -3.806614e-04
-5.700385e-01 -3.725594e-04
-5.579822e-01 -3.644481e-04
-5.459039e-01 -3.563275e-04
-5.338040e-01 -3.481975e-04
-5.216830e-01 -3.400583e-04
-5.095415e-01 -3.319097e-04
-4.973798e-01 -3.237519e-04
-4.851985e-01 -3.155849e-04
-4.729980e-01 -3.074087e-04
-4.607789e-01 -2.992234e-04
-4.485415e-01 -2.910291e-04
-4.362865e-01 -2.828259e-04
-4.240142e-01 -2.746139e-04
-4.117252e-01 -2.663932e-04
-3.994200e-01 -2.581640e-04
-3.870989e-01 -2.499264e-04
-3.747626e-01 -2.416806e-04
-3.624115e-01 -2.334267e-04
-3.500461e-01 -2.251649e-04
-3.376669e-01 -2.168954e-04
-3.252743e-01 -2.086184e-04
-3.128689e-01 -2.003341e-04
-3.004512e-01 -1.920428e-04
-2.880216e-01 -1.837446e-04
-2.755806e-01 -1.754398e-04
-2.631287e-01 -1.671286e-04
-2.506665e-01 -1.588113e-04
-2.381943e-01 -1.504881e-04
-2.257128e-01 -1.421593e-04
-2.132223e-01 -1.338253e-04
-2.007234e-01 -1.254861e-04
-1.882166e-01 -1.171423e-04
-1.757024e-01 -1.087939e-04
-1.631812e-01 -1.004414e-04
-1.506536e-01 -9.208507e-05
-1.381201e-01 -8.372514e-05
-1.255810e-01 -7.536196e-05
-1.130371e-01 -6.699585e-05
-1.004886e-01 -5.862713e-05
-8.793624e-02 -5.025611e-05
-7.538037e-02 -4.188311e-05
-6.282152e-02 -3.350847e-05
-5.026019e-02 -2.513251e-05
-3.769688e-02 -1.675556e-05
-2.513208e-02 -8.377944e-06
-1.256629e-02 -3.265888e-19
-4.898587e-16 455325e-03  -1.7876828e+00
  -1.5334745e-03  -1.7820130e+00
  -1.5214975e-03  -1.7762729e+00
  -1.5096011e-03  -1.7704626e+00
  -1.4977852e-03  -1.7645825e+00
  -1.4860492e-03  -1.7586326e+00
  -1.4743928e-03  -1.7526134e+00
  -1.4628155e-03  -1.7465249e+00
  -1.4513169e-03  -1.7403675e+00
  -1.4398965e-03  -1.7341414e+00
  -1.4285537e-03  -1.7278468e+00
  -1.4172880e-03  -1.7214841e+00
  -1.4060989e-03  -1.7150533e+00
  -1.3949857e-03  -1.7085549e+00
  -1.3839480e-03  -1.7019890e+00
  -1.3729849e-03  -1.6953559e+00
  -1.3620959e-03  -1.6886559e+00
  -1.3512804e-03  -1.6818892e+00
  -1.3405376e-03  -1.6750561e+00
  -1.3298667e-03  -1.6681569e+04
-1.050349e+00    -7.073029e-04
-1.039635e+00    -6.993630e-04
-1.028879e+00    -6.914287e-04
-1.018083e+00    -6.834993e-04
-1.007246e+00    -6.755743e-04
-9.963702e-01    -6.676529e-04
-9.854547e-01    -6.597344e-04
-9.745003e-01    -6.518183e-04
-9.635073e-01    -6.439039e-04
-9.524764e-01    -6.359907e-04
-9.414079e-01    -6.280780e-04
-9.303022e-01    -6.201653e-04
-9.191597e-01    -6.122521e-04
-9.079810e-01    -6.043377e-04
-8.967664e-01    -5.964218e-04
-8.855165e-01    -5.885037e-04
-8.742315e-01    -5.805831e-04
-8.629121e-01    -5.726594e-04
-8.515586e-01    -5.647322e-04
-8.401715e-01    -5.568011e-04
-8.287512e-01    -5.488656e-04
-8.172981e-01    -5.409254e-04
-8.058129e-01    -5.329800e-04
-7.942958e-01    -5.250292e-04
-7.827473e-01    -5.170725e-04
-7.711680e-01    -5.091097e-04
-7.595582e-01    -5.011404e-04
-7.479184e-01    -4.931643e-04
-7.362491e-01    -4.851811e-04
-7.245507e-01    -4.771907e-04
-7.128238e-01    -4.691927e-04
-7.010686e-01    -4.611868e-04
-6.892858e-01    -4.531730e-04
-6.774758e-01    -4.451510e-04
-6.656391e-01    -4.371206e-04
-6.537761e-01    -4.290817e-04
-6.418872e-01    -4.210340e-04
-6.299730e-01    -4.129776e-04
-6.180340e-01    -4.049122e-04
-6.060705e-01    -3.968377e-04
-5.940832e-01    -3.887541e-04
-5.820723e-01    -3.806614e-04
-5.700385e-01    -3.725594e-04
-5.579822e-01    -3.644481e-04
-5.459039e-01    -3.563275e-04
-5.338040e-01    -3.481975e-04
-5.216830e-01    -3.400583e-04
-5.095415e-01    -3.319097e-04
-4.973798e-01    -3.237519e-04
-4.851985e-01    -3.155849e-04
-4.729980e-01    -3.074087e-04
-4.607789e-01    -2.992234e-04
-4.485415e-01    -2.910291e-04
-4.362865e-01    -2.828259e-04
-4.240142e-01    -2.746139e-04
-4.117252e-01    -2.663932e-04
-3.994200e-01    -2.581640e-04
-3.870989e-01    -2.499264e-04
-3.747626e-01    -2.416806e-04
-3.624115e-01    -2.334267e-04
-3.500461e-01    -2.251649e-04
-3.376669e-01    -2.168954e-04
-3.252743e-01    -2.086184e-04
-3.128689e-01    -2.003341e-04
-3.004512e-01    -1.920428e-04
-2.880216e-01    -1.837446e-04
-2.755806e-01    -1.754398e-04
-2.631287e-01    -1.671286e-04
-2.506665e-01    -1.588113e-04
-2.381943e-01    -1.504881e-04
-2.257128e-01    -1.421593e-04
-2.132223e-01    -1.338253e-04
-2.007234e-01    -1.254861e-04
-1.882166e-01    -1.171423e-04
-1.757024e-01    -1.087939e-04
-1.631812e-01    -1.004414e-04
-1.506536e-01    -9.208507e-05
-1.381201e-01    -8.372514e-05
-1.255810e-01    -7.536196e-05
-1.130371e-01    -6.699585e-05
-1.004886e-01    -5.862713e-05
-8.793624e-02    -5.025611e-05
-7.538037e-02    -4.188311e-05
-6.282152e-02    -3.350847e-05
-5.026019e-02    -2.513251e-05
-3.769688e-02    -1.675556e-05
-2.513208e-02    -8.377944e-06
-1.256629e-02    -3.265888e-19
-4.898587e-16 2177e-04  -8.8551646e-01
  -5.8850372e-04  -8.7423153e-01
  -5.8058308e-04  -8.6291209e-01
  -5.7265938e-04  -8.5155858e-01
  -5.6473219e-04  -8.4017146e-01
  -5.5680106e-04  -8.2875116e-01
  -5.4886559e-04  -8.1729815e-01
  -5.4092537e-04  -8.0581287e-01
  -5.3298003e-04  -7.9429578e-01
  -5.2502920e-04  -7.8274733e-01
  -5.1707253e-04  -7.7116798e-01
  -5.0910969e-04  -7.5955819e-01
  -5.0114038e-04  -7.4791841e-01
  -4.9316429e-04  -7.3624911e-01
  -4.8518115e-04  -7.2455073e-01
  -4.7719068e-04  -7.1282376e-01
  -4.6919266e-04  -7.0106864e-01
  -4.6118685e-04  -6.8928585e-01
  -4.5317303e-04  -6.7747584e-01
  -4.4515100e-04  -6.6563909e-01
  -4.3712060e-04  -6.5377606e-01
  -4.2908166e-04  -6.4188722e-01
  -4.2103402e-04  -6.2997304e-01
  -4.1297755e-04  -6.1803399e-01
  -4.0491215e-04  -6.0607054e-01
  -3.9683771e-04  -5.9408316e-01
  -3.8875414e-04  -5.8207233e-01
  -3.8066138e-04  -5.7003852e-01
  -3.7255937e-04  -5.5798221e-01
  -3.6444807e-04  -5.4590387e-01
  -3.5632746e-04  -5.3380398e-01
  -3.4819753e-04  -5.2168301e-01
  -3.4005828e-04  -5.0954145e-01
  -3.3190973e-04  -4.9737977e-01
  -3.2375191e-04  -4.8519846e-01
  -3.1558488e-04  -4.7299799e-01
  -3.0740868e-04  -4.6077885e-01
  -2.9922339e-04  -4.4854152e-01
  -2.9102909e-04  -4.3628648e-01
  -2.8282589e-04  -4.2401422e-01
  -2.7461390e-04  -4.1172522e-01
  -2.6639323e-04  -3.9941996e-01
  -2.5816403e-04  -3.8709894e-01
  -2.4992643e-04  -3.7476263e-01
  -2.4168060e-04  -3.6241153e-01
  -2.3342670e-04  -3.5004612e-01
  -2.2516491e-04  -3.3766689e-01
  -2.1689542e-04  -3.2527433e-01
  -2.0861843e-04  -3.1286893e-01
  -2.0033415e-04  -3.0045118e-01
  -1.9204279e-04  -2.8802157e-01
  -1.8374458e-04  -2.7558058e-01
  -1.7543976e-04  -2.6312872e-01
  -1.6712857e-04  -2.5066647e-01
  -1.5881127e-04  -2.3819432e-01
  -1.5048810e-04  -2.2571277e-01
  -1.4215934e-04  -2.1322231e-01
  -1.3382527e-04  -2.0072343e-01
  -1.2548615e-04  -1.8821663e-01
  -1.1714227e-04  -1.7570239e-01
  -1.0879394e-04  -1.6318122e-01
  -1.0044143e-04  -1.5065361e-01
  -9.2085066e-05  -1.3812005e-01
  -8.3725139e-05  -1.2558104e-01
  -7.5361964e-05  -1.1303707e-01
  -6.6995854e-05  -1.0048864e-01
  -5.8627129e-05  -8.7936237e-02
  -5.0256107e-05  -7.5380365e-02
  -4.1883113e-05  -6.2821518e-02
  -3.3508471e-05  -5.0260191e-02
  -2.5132510e-05  -3.7696879e-02
  -1.6755558e-05  -2.5132080e-02
  -8.3779442e-06  -1.2566288e-02
  -3.2658881e-19  -4.8985872e-16
