   9.8935476e-03   1.1711120e+05
   1.0007833e-02   1.1714630e+05
   1.9945312e-02   1.1713670e+05
   2.0031027e-02   1.1712670e+05
   2.9945312e-02   1.1713520e+05
   3.0031027e-02   1.1712520e+05
   3.9945312e-02   1.1713520e+05
   4.0031027e-02   1.1712520e+05
   4.9949269e-02   1.1714590e+05
   5.0047213e-02   1.1714310e+05
   5.9945312e-02   1.1714740e+05
   6.0031027e-02   1.1713730e+05
   6.9945312e-02   1.1713520e+05
   7.0031027e-02   1.1712520e+05
   7.9878169e-02   1.1711680e+05
   8.0025312e-02   1.1708540e+05
   8.0208236e-02   1.1704910e+05
   8.9945312e-02   1.1713520e+05
   9.0031027e-02   1.1712520e+05
   9.9949269e-02   1.1714590e+05
   1.0004721e-01   1.1714310e+05
   1.0994531e-01   1.1713430e+05
   1.1003103e-01   1.1712430e+05
   1.1994531e-01   1.1713430e+05
   1.2003103e-01   1.1712430e+05
   1.2994531e-01   1.1713430e+05
   1.3003103e-01   1.1712430e+05
   1.3994531e-01   1.1713430e+05
   1.4003103e-01   1.1712430e+05
   1.4994198e-01   1.1712580e+05
   1.5004721e-01   1.1714220e+05
   1.5994531e-01   1.1713430e+05
   1.6003103e-01   1.1712430e+05
   1.6994531e-01   1.1713430e+05
   1.7003103e-01   1.1712430e+05
   1.7994531e-01   1.1713430e+05
   1.8003103e-01   1.1712430e+05
   1.8994531e-01   1.1713430e+05
   1.9003103e-01   1.1712430e+05
   1.9994198e-01   1.1712580e+05
   2.0004721e-01   1.1714220e+05
   2.0996246e-01   1.1713220e+05
   2.1005388e-01   1.1714320e+05
   2.1999531e-01   1.1726420e+05
   2.2008388e-01   1.1713790e+05
   2.2991388e-01   1.1713410e+05
   2.3002531e-01   1.1708600e+05
   2.3022538e-01   1.1700040e+05
   2.3994531e-01   1.1713430e+05
   2.4003103e-01   1.1712430e+05
   2.4994198e-01   1.1712580e+05
   2.5004721e-01   1.1714220e+05
   2.5994531e-01   1.1713430e+05
   2.6003103e-01   1.1712430e+05
   2.6994531e-01   1.1713430e+05
   2.7003103e-01   1.1712430e+05
   2.7994531e-01   1.1713430e+05
   2.8003103e-01   1.1712430e+05
   2.8994531e-01   1.1713430e+05
   2.9003103e-01   1.1712430e+05
   2.9994198e-01   1.1712580e+05
   3.0004721e-01   1.1714220e+05
   3.0994531e-01   1.1713430e+05
   3.1003103e-01   1.1712430e+05
   3.1994531e-01   1.1713430e+05
   3.2003103e-01   1.1712430e+05
   3.2994531e-01   1.1713430e+05
   3.3003103e-01   1.1712430e+05
   3.3994531e-01   1.1713430e+05
   3.4003103e-01   1.1712430e+05
   3.4994198e-01   1.1712580e+05
   3.5004721e-01   1.1714220e+05
   3.5994531e-01   1.1713430e+05
   3.6003103e-01   1.1712430e+05
   3.6994531e-01   1.1713430e+05
   3.7003103e-01   1.1712430e+05
   3.7994531e-01   1.1713430e+05
   3.8003103e-01   1.1712430e+05
   3.8998388e-01   1.1712800e+05
   3.9006960e-01   1.1714240e+05
   4.0004721e-01   1.1714220e+05
   4.0994531e-01   1.1713430e+05
   4.1003103e-01   1.1712430e+05
   4.1994531e-01   1.1713430e+05
   4.2003103e-01   1.1712430e+05
   4.2994531e-01   1.1713430e+05
   4.3003103e-01   1.1712430e+05
   4.3994531e-01   1.1713430e+05
   4.4003103e-01   1.1712430e+05
   4.4994198e-01   1.1712580e+05
   4.5004721e-01   1.1714220e+05
   4.5994531e-01   1.1713430e+05
   4.6003103e-01   1.1712430e+05
   4.6994531e-01   1.1713430e+05
   4.7003103e-01   1.1712430e+05
   4.7994531e-01   1.1713430e+05
   4.8003103e-01   1.1712430e+05
   4.8994531e-01   1.1713430e+05
   4.9003103e-01   1.1712430e+05
   4.9994198e-01   1.1712580e+05
   5.0004721e-01   1.1714220e+05
   5.0994531e-01   1.1713430e+05
   5.1003103e-01   1.1712430e+05
   5.1994531e-01   1.1713430e+05
   5.2003103e-01   1.1712430e+05
   5.2994531e-01   1.1713430e+05
   5.3003103e-01   1.1712430e+05
   5.3994531e-01   1.1713430e+05
   5.4003103e-01   1.1712430e+05
   5.4994198e-01   1.1712580e+05
   5.5004721e-01   1.1714220e+05
   5.5991103e-01   1.1707260e+05
   5.5996388e-01   1.1705650e+05
   5.6001531e-01   1.1710530e+05
   5.6021681e-01   1.1701750e+05
   5.6986531e-01   1.1709420e+05
   5.7001960e-01   1.1707870e+05
   5.7020824e-01   1.1703510e+05
   5.7995246e-01   1.1711360e+05
   5.8003103e-01   1.1712430e+05
   5.8994531e-01   1.1713430e+05
   5.9003103e-01   1.1712430e+05
   5.9994198e-01   1.1712580e+05
   6.0004721e-01   1.1714220e+05
   6.0994531e-01   1.1713430e+05
   6.1003103e-01   1.1712430e+05
   6.1994531e-01   1.1713430e+05
   6.2003103e-01   1.1712430e+05
   6.2994531e-01   1.1713430e+05
   6.3003103e-01   1.1712430e+05
   6.3994531e-01   1.1713430e+05
   6.4003103e-01   1.1712430e+05
   6.4994198e-01   1.1712580e+05
   6.5004721e-01   1.1714220e+05
   6.5994531e-01   1.1713430e+05
   6.6003103e-01   1.1712430e+05
   6.6994531e-01   1.1713430e+05
   6.7003103e-01   1.1712430e+05
   6.7994531e-01   1.1713430e+05
   6.8003103e-01   1.1712430e+05
   6.8994531e-01   1.1713430e+05
   6.9003103e-01   1.1712430e+05
   6.9994198e-01   1.1712580e+05
   7.0004721e-01   1.1714220e+05
   7.0994531e-01   1.1713430e+05
   7.1003103e-01   1.1712430e+05
   7.1994531e-01   1.1713430e+05
   7.2003103e-01   1.1712430e+05
   7.2994531e-01   1.1713430e+05
   7.3003103e-01   1.1712430e+05
   7.3994531e-01   1.1713430e+05
   7.4012246e-01   1.1711250e+05
   7.4990388e-01   1.1711850e+05
   7.5004721e-01   1.1714220e+05
   7.5994531e-01   1.1713430e+05
   7.6003103e-01   1.1712430e+05
   7.6994531e-01   1.1713430e+05
   7.7003103e-01   1.1712430e+05
   7.7994531e-01   1.1713430e+05
   7.8003103e-01   1.1712430e+05
   7.8994531e-01   1.1713430e+05
   7.9003103e-01   1.1712430e+05
   7.9994198e-01   1.1712580e+05
   8.0004721e-01   1.1714220e+05
   8.0994531e-01   1.1713430e+05
   8.1003103e-01   1.1712430e+05
   8.1994531e-01   1.1713430e+05
   8.2003103e-01   1.1712430e+05
   8.2994531e-01   1.1713430e+05
   8.3003103e-01   1.1712430e+05
   8.3994531e-01   1.1713430e+05
   8.4003103e-01   1.1712430e+05
   8.4994198e-01   1.1712580e+05
   8.5004721e-01   1.1714220e+05
   8.5994531e-01   1.1713430e+05
   8.6003103e-01   1.1712430e+05
   8.6994531e-01   1.1713430e+05
   8.7003103e-01   1.1712430e+05
   8.7994531e-01   1.1713430e+05
   8.8003103e-01   1.1712430e+05
   8.8994531e-01   1.1713430e+05
   8.9003103e-01   1.1712430e+05
   8.9994198e-01   1.1712580e+05
   9.0004721e-01   1.1714220e+05
   9.0994531e-01   1.1713430e+05
   9.1002388e-01   1.1710470e+05
   9.1995246e-01   1.1711360e+05
   9.2003103e-01   1.1712430e+05
   9.2999817e-01   1.1744130e+05
   9.3008388e-01   1.1713790e+05
   9.3990388e-01   1.1711850e+05
   9.4001531e-01   1.1710530e+05
   9.4021681e-01   1.1701750e+05
   9.4994198e-01   1.1712580e+05
   9.5004721e-01   1.1714220e+05
   9.5994531e-01   1.1713430e+05
   9.6003103e-01   1.1712430e+05
   9.6994531e-01   1.1713430e+05
   9.7003103e-01   1.1712430e+05
   9.7994531e-01   1.1713430e+05
   9.8003103e-01   1.1712430e+05
   9.8994531e-01   1.1713430e+05
   9.9003103e-01   1.1712430e+05
   9.9993674e-01   1.1711400e+05
   9.9999000e-01   1.1705950e+05
