1.4 58
3.2 54
5.2 52
6.5 52
7.5 56
8.7 57
10 53
11 49
12 45
13 40
14 35
16 35
17 40
18 45
19 50
19 56
21 57
22 55
25 55
26 61
27 65
28 68
29 72
31 74
33 77
35 78
36 74
37 70
38 65
39 63
41 67
42 71
43 75
45 80
47 83
49 86
50 90
52 93
53 95
55 93
56 88
57 83
58 78
59 73
60 69
61 67
62 69
63 70
64 66
65 62
66 59
67 54
68 51
68 47
70 43
71 45
72 49
73 53
75 55
76 52
77 48
77 45
78 41
80 41
81 44
82 48
83 52
84 56
85 59
87 63
88 65
90 65
91 62
91 58
93 55
94 50
95 47
96 43
97 38
98 33
99 27
1e+02 21
