-5.06
-5.03
-5.01
-4.98
-4.96
-4.94
-4.91
-4.89
-4.86
-4.84
-4.82
-4.79
-4.77
-4.75
-4.72
-4.70
-4.68
-4.66
-4.63
-4.61
-4.59
-4.57
-4.54
-4.52
-4.50
-4.48
-4.45
-4.43
-4.41
-4.39
-4.37
-4.35
-4.32
-4.30
-4.28
-4.26
-4.24
-4.22
-4.20
-4.18
-4.16
-4.13
-4.11
-4.09
-4.07
-4.05
-4.03
-4.01
-3.99
-3.97
-3.95
-3.93
-3.91
-3.89
-3.87
-3.85
-3.83
-3.82
-3.80
-3.78
-3.76
-3.74
-3.72
-3.70
-3.68
-3.66
-3.64
-3.63
-3.61
-3.59
-3.57
-3.55
-3.53
-3.52
-3.50
-3.48
-3.46
-3.44
-3.43
-3.41
-3.39
-3.37
-3.36
-3.34
-3.32
-3.31
-3.29
-3.27
-3.25
-3.24
-3.22
-3.20
-3.19
-3.17
-3.15
-3.14
-3.12
-3.11
-3.09
-3.07
-3.06
-3.04
-3.03
-3.01
-2.99
-2.98
-2.96
-2.95
-2.93
-2.92
-2.90
-2.89
-2.87
-2.85
-2.84
-2.82
-2.81
-2.80
-2.78
-2.77
-2.75
-2.74
-2.72
-2.71
-2.69
-2.68
-2.66
-2.65
-2.64
-2.62
-2.61
-2.59
-2.58
-2.57
-2.55
-2.54
-2.53
-2.51
-2.50
-2.48
-2.47
-2.46
-2.44
-2.43
-2.42
-2.41
-2.39
-2.38
-2.37
-2.35
-2.34
-2.33
-2.32
-2.30
-2.29
-2.28
-2.27
-2.25
-2.24
-2.23
-2.22
-2.20
-2.19
-2.18
-2.17
-2.16
-2.14
-2.13
-2.12
-2.11
-2.10
-2.09
-2.07
-2.06
-2.05
-2.04
-2.03
-2.02
-2.01
-1.99
-1.98
-1.97
-1.96
-1.95
-1.94
-1.93
-1.92
-1.91
-1.90
-1.89
-1.87
-1.86
-1.85
-1.84
-1.83
-1.82
-1.81
-1.80
-1.79
-1.78
-1.77
-1.76
-1.75
-1.74
-1.73
-1.72
-1.71
-1.70
-1.69
-1.68
-1.67
-1.66
-1.65
-1.64
-1.63
-1.62
-1.62
-1.61
-1.60
-1.59
-1.58
-1.57
-1.56
-1.55
-1.54
-1.53
-1.52
-1.51
-1.51
-1.50
-1.49
-1.48
-1.47
-1.46
-1.45
-1.44
-1.44
-1.43
-1.42
-1.41
-1.40
-1.39
-1.38
-1.38
-1.37
-1.36
-1.35
-1.34
-1.33
-1.33
-1.32
-1.31
-1.30
-1.29
-1.29
-1.28
-1.27
-1.26
-1.25
-1.25
-1.24
-1.23
-1.22
-1.22
-1.21
-1.20
-1.19
-1.19
-1.18
-1.17
-1.16
-1.16
-1.15
-1.14
-1.13
-1.13
-1.12
-1.11
-1.10
-1.10
-1.09
-1.08
-1.07
-1.07
-1.06
-1.05
-1.05
-1.04
-1.03
-1.03
-1.02
-1.01
-1.00
-1.00
-0.99
-0.98
-0.98
-0.97
-0.96
-0.96
-0.95
-0.94
-0.94
-0.93
-0.92
-0.92
-0.91
-0.90
-0.90
-0.89
-0.88
-0.88
-0.87
-0.86
-0.86
-0.85
-0.84
-0.84
-0.83
-0.83
-0.82
-0.81
-0.81
-0.80
-0.79
-0.79
-0.78
-0.78
-0.77
-0.76
-0.76
-0.75
-0.74
-0.74
-0.73
-0.73
-0.72
-0.71
-0.71
-0.70
-0.70
-0.69
-0.68
-0.68
-0.67
-0.67
-0.66
-0.65
-0.65
-0.64
-0.64
-0.63
-0.62
-0.62
-0.61
-0.61
-0.60
-0.59
-0.59
-0.58
-0.58
-0.57
-0.56
-0.56
-0.55
-0.55
-0.54
-0.53
-0.53
-0.52
-0.52
-0.51
-0.51
-0.50
-0.49
-0.49
-0.48
-0.48
-0.47
-0.46
-0.46
-0.45
-0.45
-0.44
-0.44
-0.43
-0.42
-0.42
-0.41
-0.41
-0.40
-0.40
-0.39
-0.38
-0.38
-0.37
-0.37
-0.36
-0.35
-0.35
-0.34
-0.34
-0.33
-0.33
-0.32
-0.31
-0.31
-0.30
-0.30
-0.29
-0.28
-0.28
-0.27
-0.27
-0.26
-0.25
-0.25
-0.24
-0.24
-0.23
-0.23
-0.22
-0.21
-0.21
-0.20
-0.20
-0.19
-0.18
-0.18
-0.17
-0.17
-0.16
-0.15
-0.15
-0.14
-0.13
-0.13
-0.12
-0.12
-0.11
-0.10
-0.10
-0.09
-0.09
-0.08
-0.07
-0.07
-0.06
-0.05
-0.05
-0.04
-0.04
-0.03
-0.02
-0.02
-0.01
-0.00
0.00
0.01
0.02
0.02
0.03
0.04
0.04
0.05
0.06
0.06
0.07
0.08
0.08
0.09
0.10
0.10
0.11
0.12
0.12
0.13
0.14
0.14
0.15
0.16
0.16
0.17
0.18
0.18
0.19
0.20
0.21
0.21
0.22
0.23
0.23
0.24
0.25
0.26
0.26
0.27
0.28
0.29
0.29
0.30
0.31
0.31
0.32
0.33
0.34
0.35
0.35
0.36
0.37
0.38
0.38
0.39
0.40
0.41
0.41
0.42
0.43
0.44
0.45
0.45
0.46
0.47
0.48
0.49
0.50
0.50
0.51
0.52
0.53
0.54
0.55
0.55
0.56
0.57
0.58
0.59
0.60
0.61
0.61
0.62
0.63
0.64
0.65
0.66
0.67
0.68
0.69
0.69
0.70
0.71
0.72
0.73
0.74
0.75
0.76
0.77
0.78
0.79
0.80
0.81
0.82
0.83
0.84
0.85
0.86
0.87
0.88
0.89
0.90
0.91
0.92
0.93
0.94
0.95
0.96
0.97
0.98
0.99
1.00
1.01
1.02
1.03
1.04
1.05
1.06
1.07
1.08
1.09
1.10
1.12
1.13
1.14
1.15
1.16
1.17
1.18
1.19
1.21
1.22
1.23
1.24
1.25
1.26
1.28
1.29
1.30
1.31
1.32
1.33
1.35
1.36
1.37
1.38
1.40
1.41
1.42
1.43
1.45
1.46
1.47
1.48
1.50
1.51
1.52
1.53
1.55
1.56
1.57
1.59
1.60
1.61
1.63
1.64
1.65
1.67
1.68
1.69
1.71
1.72
1.74
1.75
1.76
1.78
1.79
1.81
1.82
1.83
1.85
1.86
1.88
1.89
1.91
1.92
1.94
1.95
1.97
1.98
2.00
2.01
2.03
2.04
2.06
2.07
2.09
2.10
2.12
2.14
2.15
2.17
2.18
2.20
2.21
2.23
2.25
2.26
2.28
2.30
2.31
2.33
2.35
2.36
2.38
2.40
2.41
2.43
2.45
2.46
2.48
2.50
2.52
2.53
2.55
2.57
2.59
2.60
2.62
2.64
2.66
2.67
2.69
2.71
2.73
2.75
2.77
2.78
2.80
2.82
2.84
2.86
2.88
2.90
2.92
2.94
2.95
2.97
2.99
3.01
3.03
3.05
3.07
3.09
3.11
3.13
3.15
3.17
3.19
3.21
3.23
3.25
3.27
3.29
3.32
3.34
3.36
3.38
3.40
3.42
3.44
3.46
3.48
3.51
3.53
3.55
3.57
3.59
3.62
3.64
3.66
3.68
3.70
3.73
3.75
3.77
3.79
3.82
3.84
3.86
3.89
3.91
3.93
3.96
3.98
4.00
4.03
4.05
4.07
4.10
4.12
4.15
4.17
4.19
4.22
4.24
4.27
4.29
4.32
4.34
4.37
4.39
4.42
4.44
4.47
4.49
4.52
4.55
4.57
4.60
4.62
4.65
4.68
4.70
4.73
4.75
4.78
4.81
4.83
4.86
4.89
4.92
4.94
4.97
5.00
5.03
5.05
5.08
5.11
5.14
5.16
5.19
5.22
5.25
5.28
5.31
5.33
5.36
5.39
5.42
5.45
5.48
5.51
5.54
5.57
5.60
5.63
5.66
5.69
5.72
5.75
5.78
5.81
5.84
5.87
5.90
5.93
5.96
5.99
6.02
6.06
6.09
6.12
6.15
6.18
6.21
6.25
6.28
6.31
6.34
6.38
6.41
6.44
6.47
6.51
6.54
6.57
6.61
6.64
6.67
6.71
6.74
6.77
6.81
6.84
6.88
6.91
6.95
6.98
7.01
7.05
7.08
7.12
7.15
7.19
7.23
7.26
7.30
7.33
7.37
7.40
7.44
7.48
7.51
7.55
7.59
7.62
7.66
7.70
7.73
7.77
7.81
7.85
7.88
7.92
7.96
8.00
8.04
8.07
8.11
8.15
8.19
8.23
8.27
8.31
8.35
8.39
8.42
8.46
8.50
8.54
8.58
8.62
8.66
8.70
8.74
8.79
8.83
8.87
8.91
8.95
8.99
9.03
9.07
9.12
9.16
9.20
9.24
9.28
9.33
9.37
9.41
9.45
9.50
9.54
9.58
9.63
9.67
9.71
9.76
9.80
9.84
9.89
9.93
9.98
10.02
10.07
10.11
10.16
10.20
10.25
10.29
10.34
10.38
10.43
10.48
10.52
10.57
10.61
10.66
10.71
10.75
10.80
10.85
10.90
10.94
10.99
11.04
11.09
11.13
11.18
11.23
11.28
11.33
11.38
11.42
11.47
11.52
11.57
11.62
11.67
11.72
11.77
11.82
11.87
11.92
11.97
12.02
12.07
12.12
12.18
12.23
12.28
12.33
12.38
12.43
12.48
12.54
12.59
12.64
12.69
12.75
12.80
12.85
12.91
12.96
13.01
13.07
13.12
13.17
13.23
13.28
13.34
13.39
13.45
13.50
13.56
13.61
13.67
13.72
13.78
13.83
13.89
13.95
14.00
14.06
14.12
14.17
14.23
14.29
14.34
14.40
14.46
14.52
14.58
14.63
14.69
14.75
14.81
14.87
14.93
14.99
15.04
15.10
15.16
15.22
15.28
15.34
15.40
15.46
15.52
15.59
15.65
15.71
15.77
15.83
15.89
15.95
16.01
16.08
16.14
16.20
16.26
16.33
16.39
16.45
16.52
16.58
16.64
16.71
16.77
16.83
16.90
16.96
17.03
17.09
17.16
17.22
17.29
17.35
17.42
17.48
17.55
17.62
17.68
17.75
17.82
17.88
17.95
18.02
18.08
18.15
18.22
18.29
18.36
18.42
18.49
18.56
18.63
18.70
18.77
18.84
18.91
18.98
19.05
19.12
19.19
19.26
19.33
19.40
19.47
19.54
19.61
19.68
19.76
19.83
19.90
19.97
20.04
20.12
20.19
20.26
20.33
20.41
20.48
20.56
20.63
20.70
20.78
20.85
20.93
21.00
21.08
21.15
21.23
21.30
21.38
21.45
21.53
21.61
21.68
21.76
21.84
21.91
21.99
22.07
22.15
22.22
22.30
22.38
22.46
22.54
22.61
22.69
22.77
22.85
22.93
23.01
23.09
23.17
23.25
23.33
23.41
23.49
23.57
23.66
23.74
23.82
23.90
23.98
24.06
24.15
24.23
24.31
24.40
24.48
24.56
24.65
24.73
24.81
24.90
24.98
25.07
25.15
25.24
25.32
25.41
25.49
25.58
25.66
25.75
25.84
25.92
26.01
26.10
26.18
26.27
26.36
26.45
26.53
26.62
26.71
26.80
26.89
26.98
27.07
27.16
27.25
27.34
27.43
27.52
27.61
27.70
27.79
27.88
27.97
28.06
28.15
28.25
28.34
28.43
28.52
28.61
28.71
28.80
28.89
28.99
29.08
29.18
29.27
29.36
29.46
29.55
29.65
29.74
29.84
29.93
30.03
30.13
30.22
30.32
30.42
30.51
30.61
30.71
30.81
30.90
31.00
31.10
31.20
31.30
31.40
31.49
